0	 -0.525731	 0.000000	 0.850651
1	 0.525731	 0.000000	 0.850651
2	 -0.525731	 0.000000	 -0.850651
3	 0.525731	 0.000000	 -0.850651
4	 0.000000	 0.850651	 0.525731
5	 0.000000	 0.850651	 -0.525731
6	 0.000000	 -0.850651	 0.525731
7	 0.000000	 -0.850651	 -0.525731
8	 0.850651	 0.525731	 0.000000
9	 -0.850651	 0.525731	 0.000000
10	 0.850651	 -0.525731	 0.000000
11	 -0.850651	 -0.525731	 0.000000
12	 0.309017	 0.500000	 0.809017
13	 -0.309017	 0.500000	 0.809017
14	 0.000000	 0.000000	 1.000000
15	 -0.500000	 0.809017	 0.309017
16	 -0.809017	 0.309017	 0.500000
17	 0.000000	 1.000000	 0.000000
18	 -0.500000	 0.809017	 -0.309017
19	 0.500000	 0.809017	 -0.309017
20	 0.500000	 0.809017	 0.309017
21	 0.809017	 0.309017	 0.500000
22	 0.809017	 -0.309017	 0.500000
23	 1.000000	 0.000000	 0.000000
24	 0.809017	 -0.309017	 -0.500000
25	 0.809017	 0.309017	 -0.500000
26	 0.309017	 0.500000	 -0.809017
27	 0.000000	 0.000000	 -1.000000
28	 -0.309017	 0.500000	 -0.809017
29	 0.309017	 -0.500000	 -0.809017
30	 -0.309017	 -0.500000	 -0.809017
31	 0.500000	 -0.809017	 -0.309017
32	 0.500000	 -0.809017	 0.309017
33	 0.000000	 -1.000000	 0.000000
34	 -0.500000	 -0.809017	 0.309017
35	 -0.500000	 -0.809017	 -0.309017
36	 -0.309017	 -0.500000	 0.809017
37	 -0.809017	 -0.309017	 0.500000
38	 0.309017	 -0.500000	 0.809017
39	 -1.000000	 0.000000	 0.000000
40	 -0.809017	 -0.309017	 -0.500000
41	 -0.809017	 0.309017	 -0.500000
42	 0.433889	 0.259892	 0.862668
43	 0.162460	 0.262866	 0.951057
44	 0.273266	 0.000000	 0.961938
45	 -0.259892	 0.862668	 0.433889
46	 -0.425325	 0.688191	 0.587785
47	 -0.160622	 0.702046	 0.693780
48	 0.000000	 0.961938	 0.273266
49	 -0.262866	 0.951057	 0.162460
50	 0.702046	 0.693780	 -0.160622
51	 0.525731	 0.850651	 0.000000
52	 0.702046	 0.693780	 0.160622
53	 0.693780	 0.160622	 0.702046
54	 0.587785	 0.425325	 0.688191
55	 0.693780	 -0.160622	 0.702046
56	 0.850651	 0.000000	 0.525731
57	 0.862668	 -0.433889	 -0.259892
58	 0.951057	 -0.162460	 -0.262866
59	 0.961938	 -0.273266	 0.000000
60	 0.862668	 0.433889	 -0.259892
61	 0.688191	 0.587785	 -0.425325
62	 0.273266	 0.000000	 -0.961938
63	 0.162460	 0.262866	 -0.951057
64	 0.433889	 0.259892	 -0.862668
65	 0.433889	 -0.259892	 -0.862668
66	 0.162460	 -0.262866	 -0.951057
67	 0.693780	 -0.160622	 -0.702046
68	 0.587785	 -0.425325	 -0.688191
69	 0.702046	 -0.693780	 0.160622
70	 0.525731	 -0.850651	 0.000000
71	 0.702046	 -0.693780	 -0.160622
72	 -0.259892	 -0.862668	 0.433889
73	 -0.262866	 -0.951057	 0.162460
74	 0.000000	 -0.961938	 0.273266
75	 -0.160622	 -0.702046	 0.693780
76	 -0.425325	 -0.688191	 0.587785
77	 0.160622	 -0.702046	 0.693780
78	 0.000000	 -0.525731	 0.850651
79	 0.862668	 -0.433889	 0.259892
80	 0.688191	 -0.587785	 0.425325
81	 -0.862668	 -0.433889	 0.259892
82	 -0.951057	 -0.162460	 0.262866
83	 -0.961938	 -0.273266	 0.000000
84	 -0.693780	 -0.160622	 -0.702046
85	 -0.850651	 0.000000	 -0.525731
86	 -0.693780	 0.160622	 -0.702046
87	 -0.160622	 0.702046	 -0.693780
88	 -0.425325	 0.688191	 -0.587785
89	 -0.259892	 0.862668	 -0.433889
90	 -0.862668	 -0.433889	 -0.259892
91	 -0.688191	 -0.587785	 -0.425325
92	 -0.702046	 -0.693780	 -0.160622
93	 0.000000	 0.525731	 0.850651
94	 0.160622	 0.702046	 0.693780
95	 -0.273266	 0.000000	 0.961938
96	 -0.162460	 0.262866	 0.951057
97	 -0.433889	 0.259892	 0.862668
98	 -0.862668	 0.433889	 0.259892
99	 -0.688191	 0.587785	 0.425325
100	 -0.702046	 0.693780	 0.160622
101	 -0.587785	 0.425325	 0.688191
102	 -0.693780	 0.160622	 0.702046
103	 -0.262866	 0.951057	 -0.162460
104	 0.000000	 0.961938	 -0.273266
105	 -0.525731	 0.850651	 0.000000
106	 -0.702046	 0.693780	 -0.160622
107	 0.262866	 0.951057	 -0.162460
108	 0.259892	 0.862668	 -0.433889
109	 0.259892	 0.862668	 0.433889
110	 0.262866	 0.951057	 0.162460
111	 0.688191	 0.587785	 0.425325
112	 0.862668	 0.433889	 0.259892
113	 0.425325	 0.688191	 0.587785
114	 0.951057	 -0.162460	 0.262866
115	 0.951057	 0.162460	 0.262866
116	 0.961938	 0.273266	 0.000000
117	 0.693780	 0.160622	 -0.702046
118	 0.850651	 0.000000	 -0.525731
119	 0.951057	 0.162460	 -0.262866
120	 0.587785	 0.425325	 -0.688191
121	 0.425325	 0.688191	 -0.587785
122	 0.160622	 0.702046	 -0.693780
123	 -0.433889	 0.259892	 -0.862668
124	 -0.162460	 0.262866	 -0.951057
125	 -0.273266	 0.000000	 -0.961938
126	 0.000000	 0.525731	 -0.850651
127	 -0.160622	 -0.702046	 -0.693780
128	 0.000000	 -0.525731	 -0.850651
129	 0.160622	 -0.702046	 -0.693780
130	 -0.162460	 -0.262866	 -0.951057
131	 -0.433889	 -0.259892	 -0.862668
132	 0.688191	 -0.587785	 -0.425325
133	 0.425325	 -0.688191	 -0.587785
134	 0.259892	 -0.862668	 -0.433889
135	 0.262866	 -0.951057	 0.162460
136	 0.259892	 -0.862668	 0.433889
137	 0.262866	 -0.951057	 -0.162460
138	 0.000000	 -0.961938	 -0.273266
139	 -0.525731	 -0.850651	 0.000000
140	 -0.702046	 -0.693780	 0.160622
141	 -0.262866	 -0.951057	 -0.162460
142	 -0.259892	 -0.862668	 -0.433889
143	 -0.693780	 -0.160622	 0.702046
144	 -0.587785	 -0.425325	 0.688191
145	 -0.433889	 -0.259892	 0.862668
146	 -0.688191	 -0.587785	 0.425325
147	 0.162460	 -0.262866	 0.951057
148	 0.433889	 -0.259892	 0.862668
149	 -0.162460	 -0.262866	 0.951057
150	 0.587785	 -0.425325	 0.688191
151	 0.425325	 -0.688191	 0.587785
152	 -0.850651	 0.000000	 0.525731
153	 -0.961938	 0.273266	 0.000000
154	 -0.951057	 0.162460	 0.262866
155	 -0.951057	 -0.162460	 -0.262866
156	 -0.862668	 0.433889	 -0.259892
157	 -0.951057	 0.162460	 -0.262866
158	 -0.587785	 0.425325	 -0.688191
159	 -0.688191	 0.587785	 -0.425325
160	 -0.587785	 -0.425325	 -0.688191
161	 -0.425325	 -0.688191	 -0.587785
162	 0.484442	 0.131200	 0.864929
163	 0.358229	 0.131655	 0.924305
164	 0.403355	 0.000000	 0.915043
165	 -0.131200	 0.864929	 0.484442
166	 -0.213023	 0.792649	 0.571252
167	 -0.081086	 0.783843	 0.615642
168	 0.000000	 0.915043	 0.403355
169	 -0.131655	 0.924305	 0.358229
170	 0.783843	 0.615642	 -0.081086
171	 0.711282	 0.702907	 0.000000
172	 0.783843	 0.615642	 0.081086
173	 0.615642	 0.081086	 0.783843
174	 0.571252	 0.213023	 0.792649
175	 0.615642	 -0.081086	 0.783843
176	 0.702907	 0.000000	 0.711282
177	 0.864929	 -0.484442	 -0.131200
178	 0.924305	 -0.358229	 -0.131655
179	 0.915043	 -0.403355	 0.000000
180	 0.864929	 0.484442	 -0.131200
181	 0.792649	 0.571252	 -0.213023
182	 0.403355	 0.000000	 -0.915043
183	 0.358229	 0.131655	 -0.924305
184	 0.484442	 0.131200	 -0.864929
185	 0.484442	 -0.131200	 -0.864929
186	 0.358229	 -0.131655	 -0.924305
187	 0.615642	 -0.081086	 -0.783843
188	 0.571252	 -0.213023	 -0.792649
189	 0.783843	 -0.615642	 0.081086
190	 0.711282	 -0.702907	 0.000000
191	 0.783843	 -0.615642	 -0.081086
192	 -0.131200	 -0.864929	 0.484442
193	 -0.131655	 -0.924305	 0.358229
194	 0.000000	 -0.915043	 0.403355
195	 -0.081086	 -0.783843	 0.615642
196	 -0.213023	 -0.792649	 0.571252
197	 0.081086	 -0.783843	 0.615642
198	 0.000000	 -0.711282	 0.702907
199	 0.864929	 -0.484442	 0.131200
200	 0.792649	 -0.571252	 0.213023
201	 -0.864929	 -0.484442	 0.131200
202	 -0.924305	 -0.358229	 0.131655
203	 -0.915043	 -0.403355	 0.000000
204	 -0.615642	 -0.081086	 -0.783843
205	 -0.702907	 0.000000	 -0.711282
206	 -0.615642	 0.081086	 -0.783843
207	 -0.081086	 0.783843	 -0.615642
208	 -0.213023	 0.792649	 -0.571252
209	 -0.131200	 0.864929	 -0.484442
210	 -0.864929	 -0.484442	 -0.131200
211	 -0.792649	 -0.571252	 -0.213023
212	 -0.783843	 -0.615642	 -0.081086
213	 0.000000	 0.711282	 0.702907
214	 0.081086	 0.783843	 0.615642
215	 -0.403355	 0.000000	 0.915043
216	 -0.358229	 0.131655	 0.924305
217	 -0.484442	 0.131200	 0.864929
218	 0.156434	 0.519258	 0.840178
219	 0.082324	 0.399607	 0.912982
220	 0.238677	 0.386187	 0.891007
221	 -0.864929	 0.484442	 0.131200
222	 -0.792649	 0.571252	 0.213023
223	 -0.783843	 0.615642	 0.081086
224	 -0.571252	 0.213023	 0.792649
225	 -0.615642	 0.081086	 0.783843
226	 -0.601501	 0.707107	 0.371748
227	 -0.564254	 0.646578	 0.513375
228	 -0.468430	 0.757935	 0.453991
229	 -0.131655	 0.924305	 -0.358229
230	 0.000000	 0.915043	 -0.403355
231	 -0.711282	 0.702907	 0.000000
232	 -0.783843	 0.615642	 -0.081086
233	 -0.133071	 0.987688	 -0.082242
234	 -0.266405	 0.963861	 0.000000
235	 -0.133071	 0.987688	 0.082242
236	 0.131655	 0.924305	 -0.358229
237	 0.131200	 0.864929	 -0.484442
238	 0.131200	 0.864929	 0.484442
239	 0.131655	 0.924305	 0.358229
240	 0.386187	 0.891007	 -0.238677
241	 0.399607	 0.912982	 -0.082324
242	 0.519258	 0.840178	 -0.156434
243	 0.792649	 0.571252	 0.213023
244	 0.864929	 0.484442	 0.131200
245	 0.213023	 0.792649	 0.571252
246	 0.757935	 0.453991	 0.468430
247	 0.646578	 0.513375	 0.564254
248	 0.707107	 0.371748	 0.601501
249	 0.924305	 -0.358229	 0.131655
250	 0.924305	 0.358229	 0.131655
251	 0.915043	 0.403355	 0.000000
252	 0.891007	 -0.238677	 0.386187
253	 0.912982	 -0.082324	 0.399607
254	 0.840178	 -0.156434	 0.519258
255	 0.615642	 0.081086	 -0.783843
256	 0.702907	 0.000000	 -0.711282
257	 0.924305	 0.358229	 -0.131655
258	 0.840178	 -0.156434	 -0.519258
259	 0.912982	 -0.082324	 -0.399607
260	 0.891007	 -0.238677	 -0.386187
261	 0.571252	 0.213023	 -0.792649
262	 0.213023	 0.792649	 -0.571252
263	 0.081086	 0.783843	 -0.615642
264	 0.707107	 0.371748	 -0.601501
265	 0.646578	 0.513375	 -0.564254
266	 0.757935	 0.453991	 -0.468430
267	 -0.484442	 0.131200	 -0.864929
268	 -0.358229	 0.131655	 -0.924305
269	 -0.403355	 0.000000	 -0.915043
270	 0.000000	 0.711282	 -0.702907
271	 -0.082242	 0.133071	 -0.987688
272	 0.000000	 0.266405	 -0.963861
273	 0.082242	 0.133071	 -0.987688
274	 -0.081086	 -0.783843	 -0.615642
275	 0.000000	 -0.711282	 -0.702907
276	 0.081086	 -0.783843	 -0.615642
277	 -0.358229	 -0.131655	 -0.924305
278	 -0.484442	 -0.131200	 -0.864929
279	 0.156434	 -0.519258	 -0.840178
280	 0.082324	 -0.399607	 -0.912982
281	 0.238677	 -0.386187	 -0.891007
282	 0.792649	 -0.571252	 -0.213023
283	 0.213023	 -0.792649	 -0.571252
284	 0.131200	 -0.864929	 -0.484442
285	 0.757935	 -0.453991	 -0.468430
286	 0.646578	 -0.513375	 -0.564254
287	 0.707107	 -0.371748	 -0.601501
288	 0.131655	 -0.924305	 0.358229
289	 0.131200	 -0.864929	 0.484442
290	 0.131655	 -0.924305	 -0.358229
291	 0.000000	 -0.915043	 -0.403355
292	 0.386187	 -0.891007	 0.238677
293	 0.399607	 -0.912982	 0.082324
294	 0.519258	 -0.840178	 0.156434
295	 -0.711282	 -0.702907	 0.000000
296	 -0.783843	 -0.615642	 0.081086
297	 -0.131655	 -0.924305	 -0.358229
298	 -0.131200	 -0.864929	 -0.484442
299	 -0.519258	 -0.840178	 0.156434
300	 -0.399607	 -0.912982	 0.082324
301	 -0.386187	 -0.891007	 0.238677
302	 -0.615642	 -0.081086	 0.783843
303	 -0.571252	 -0.213023	 0.792649
304	 -0.484442	 -0.131200	 0.864929
305	 -0.792649	 -0.571252	 0.213023
306	 -0.453991	 -0.468430	 0.757935
307	 -0.513375	 -0.564254	 0.646578
308	 -0.371748	 -0.601501	 0.707107
309	 0.358229	 -0.131655	 0.924305
310	 0.484442	 -0.131200	 0.864929
311	 -0.358229	 -0.131655	 0.924305
312	 0.238677	 -0.386187	 0.891007
313	 0.082324	 -0.399607	 0.912982
314	 0.156434	 -0.519258	 0.840178
315	 0.571252	 -0.213023	 0.792649
316	 0.213023	 -0.792649	 0.571252
317	 0.707107	 -0.371748	 0.601501
318	 0.646578	 -0.513375	 0.564254
319	 0.757935	 -0.453991	 0.468430
320	 -0.702907	 0.000000	 0.711282
321	 -0.915043	 0.403355	 0.000000
322	 -0.924305	 0.358229	 0.131655
323	 -0.840178	 -0.156434	 0.519258
324	 -0.912982	 -0.082324	 0.399607
325	 -0.891007	 -0.238677	 0.386187
326	 -0.924305	 -0.358229	 -0.131655
327	 -0.864929	 0.484442	 -0.131200
328	 -0.924305	 0.358229	 -0.131655
329	 -0.891007	 -0.238677	 -0.386187
330	 -0.912982	 -0.082324	 -0.399607
331	 -0.840178	 -0.156434	 -0.519258
332	 -0.571252	 0.213023	 -0.792649
333	 -0.792649	 0.571252	 -0.213023
334	 -0.453991	 0.468430	 -0.757935
335	 -0.513375	 0.564254	 -0.646578
336	 -0.371748	 0.601501	 -0.707107
337	 -0.571252	 -0.213023	 -0.792649
338	 -0.213023	 -0.792649	 -0.571252
339	 -0.707107	 -0.371748	 -0.601501
340	 -0.646578	 -0.513375	 -0.564254
341	 -0.757935	 -0.453991	 -0.468430
342	 0.301259	 0.264083	 0.916244
343	 0.375039	 0.383614	 0.843911
344	 0.137952	 0.000000	 0.990439
345	 0.220117	 0.132792	 0.966393
346	 0.082242	 0.133071	 0.987688
347	 -0.346153	 0.783452	 0.516122
348	 -0.383614	 0.843911	 0.375039
349	 -0.237086	 0.606825	 0.758652
350	 -0.296005	 0.702310	 0.647412
351	 -0.371748	 0.601501	 0.707107
352	 -0.132792	 0.966393	 0.220117
353	 0.000000	 0.990439	 0.137952
354	 -0.264083	 0.916244	 0.301259
355	 -0.386187	 0.891007	 0.238677
356	 0.620240	 0.780204	 -0.081142
357	 0.606825	 0.758652	 -0.237086
358	 0.606825	 0.758652	 0.237086
359	 0.620240	 0.780204	 0.081142
360	 0.519258	 0.840178	 0.156434
361	 0.647412	 0.296005	 0.702310
362	 0.758652	 0.237086	 0.606825
363	 0.516122	 0.346153	 0.783452
364	 0.453991	 0.468430	 0.757935
365	 0.780204	 -0.081142	 0.620240
366	 0.758652	 -0.237086	 0.606825
367	 0.780204	 0.081142	 0.620240
368	 0.840178	 0.156434	 0.519258
369	 0.916244	 -0.301259	 -0.264083
370	 0.843911	 -0.375039	 -0.383614
371	 0.990439	 -0.137952	 0.000000
372	 0.966393	 -0.220117	 -0.132792
373	 0.987688	 -0.082242	 -0.133071
374	 0.783452	 0.516122	 -0.346153
375	 0.843911	 0.375039	 -0.383614
376	 0.702310	 0.647412	 -0.296005
377	 0.601501	 0.707107	 -0.371748
378	 0.220117	 0.132792	 -0.966393
379	 0.137952	 0.000000	 -0.990439
380	 0.375039	 0.383614	 -0.843911
381	 0.301259	 0.264083	 -0.916244
382	 0.238677	 0.386187	 -0.891007
383	 0.301259	 -0.264083	 -0.916244
384	 0.375039	 -0.383614	 -0.843911
385	 0.220117	 -0.132792	 -0.966393
386	 0.082242	 -0.133071	 -0.987688
387	 0.647412	 -0.296005	 -0.702310
388	 0.758652	 -0.237086	 -0.606825
389	 0.516122	 -0.346153	 -0.783452
390	 0.453991	 -0.468430	 -0.757935
391	 0.620240	 -0.780204	 0.081142
392	 0.606825	 -0.758652	 0.237086
393	 0.606825	 -0.758652	 -0.237086
394	 0.620240	 -0.780204	 -0.081142
395	 0.519258	 -0.840178	 -0.156434
396	 -0.264083	 -0.916244	 0.301259
397	 -0.383614	 -0.843911	 0.375039
398	 0.000000	 -0.990439	 0.137952
399	 -0.132792	 -0.966393	 0.220117
400	 -0.133071	 -0.987688	 0.082242
401	 -0.296005	 -0.702310	 0.647412
402	 -0.237086	 -0.606825	 0.758652
403	 -0.346153	 -0.783452	 0.516122
404	 -0.468430	 -0.757935	 0.453991
405	 0.081142	 -0.620240	 0.780204
406	 0.237086	 -0.606825	 0.758652
407	 -0.081142	 -0.620240	 0.780204
408	 -0.156434	 -0.519258	 0.840178
409	 0.783452	 -0.516122	 0.346153
410	 0.843911	 -0.375039	 0.383614
411	 0.702310	 -0.647412	 0.296005
412	 0.601501	 -0.707107	 0.371748
413	 -0.916244	 -0.301259	 0.264083
414	 -0.843911	 -0.375039	 0.383614
415	 -0.990439	 -0.137952	 0.000000
416	 -0.966393	 -0.220117	 0.132792
417	 -0.987688	 -0.082242	 0.133071
418	 -0.780204	 -0.081142	 -0.620240
419	 -0.758652	 -0.237086	 -0.606825
420	 -0.758652	 0.237086	 -0.606825
421	 -0.780204	 0.081142	 -0.620240
422	 -0.840178	 0.156434	 -0.519258
423	 -0.296005	 0.702310	 -0.647412
424	 -0.237086	 0.606825	 -0.758652
425	 -0.383614	 0.843911	 -0.375039
426	 -0.346153	 0.783452	 -0.516122
427	 -0.468430	 0.757935	 -0.453991
428	 -0.783452	 -0.516122	 -0.346153
429	 -0.843911	 -0.375039	 -0.383614
430	 -0.606825	 -0.758652	 -0.237086
431	 -0.702310	 -0.647412	 -0.296005
432	 -0.601501	 -0.707107	 -0.371748
433	 -0.156434	 0.519258	 0.840178
434	 -0.081142	 0.620240	 0.780204
435	 0.237086	 0.606825	 0.758652
436	 0.081142	 0.620240	 0.780204
437	 -0.082242	 0.133071	 0.987688
438	 -0.220117	 0.132792	 0.966393
439	 -0.137952	 0.000000	 0.990439
440	 -0.375039	 0.383614	 0.843911
441	 -0.301259	 0.264083	 0.916244
442	 -0.238677	 0.386187	 0.891007
443	 -0.082324	 0.399607	 0.912982
444	 0.000000	 0.266405	 0.963861
445	 -0.757935	 0.453991	 0.468430
446	 -0.783452	 0.516122	 0.346153
447	 -0.843911	 0.375039	 0.383614
448	 -0.606825	 0.758652	 0.237086
449	 -0.702310	 0.647412	 0.296005
450	 -0.453991	 0.468430	 0.757935
451	 -0.516122	 0.346153	 0.783452
452	 -0.758652	 0.237086	 0.606825
453	 -0.647412	 0.296005	 0.702310
454	 -0.707107	 0.371748	 0.601501
455	 -0.646578	 0.513375	 0.564254
456	 -0.513375	 0.564254	 0.646578
457	 -0.386187	 0.891007	 -0.238677
458	 -0.264083	 0.916244	 -0.301259
459	 0.000000	 0.990439	 -0.137952
460	 -0.132792	 0.966393	 -0.220117
461	 -0.519258	 0.840178	 0.156434
462	 -0.620240	 0.780204	 0.081142
463	 -0.606825	 0.758652	 -0.237086
464	 -0.620240	 0.780204	 -0.081142
465	 -0.519258	 0.840178	 -0.156434
466	 -0.399607	 0.912982	 -0.082324
467	 -0.399607	 0.912982	 0.082324
468	 0.133071	 0.987688	 -0.082242
469	 0.132792	 0.966393	 -0.220117
470	 0.383614	 0.843911	 -0.375039
471	 0.264083	 0.916244	 -0.301259
472	 0.386187	 0.891007	 0.238677
473	 0.264083	 0.916244	 0.301259
474	 0.383614	 0.843911	 0.375039
475	 0.132792	 0.966393	 0.220117
476	 0.133071	 0.987688	 0.082242
477	 0.266405	 0.963861	 0.000000
478	 0.399607	 0.912982	 0.082324
479	 0.601501	 0.707107	 0.371748
480	 0.702310	 0.647412	 0.296005
481	 0.843911	 0.375039	 0.383614
482	 0.783452	 0.516122	 0.346153
483	 0.371748	 0.601501	 0.707107
484	 0.296005	 0.702310	 0.647412
485	 0.346153	 0.783452	 0.516122
486	 0.468430	 0.757935	 0.453991
487	 0.564254	 0.646578	 0.513375
488	 0.513375	 0.564254	 0.646578
489	 0.987688	 -0.082242	 0.133071
490	 0.966393	 -0.220117	 0.132792
491	 0.916244	 -0.301259	 0.264083
492	 0.891007	 0.238677	 0.386187
493	 0.916244	 0.301259	 0.264083
494	 0.990439	 0.137952	 0.000000
495	 0.966393	 0.220117	 0.132792
496	 0.987688	 0.082242	 0.133071
497	 0.963861	 0.000000	 0.266405
498	 0.912982	 0.082324	 0.399607
499	 0.840178	 0.156434	 -0.519258
500	 0.780204	 0.081142	 -0.620240
501	 0.758652	 0.237086	 -0.606825
502	 0.780204	 -0.081142	 -0.620240
503	 0.987688	 0.082242	 -0.133071
504	 0.966393	 0.220117	 -0.132792
505	 0.916244	 0.301259	 -0.264083
506	 0.891007	 0.238677	 -0.386187
507	 0.912982	 0.082324	 -0.399607
508	 0.963861	 0.000000	 -0.266405
509	 0.453991	 0.468430	 -0.757935
510	 0.516122	 0.346153	 -0.783452
511	 0.647412	 0.296005	 -0.702310
512	 0.468430	 0.757935	 -0.453991
513	 0.346153	 0.783452	 -0.516122
514	 0.237086	 0.606825	 -0.758652
515	 0.296005	 0.702310	 -0.647412
516	 0.371748	 0.601501	 -0.707107
517	 0.513375	 0.564254	 -0.646578
518	 0.564254	 0.646578	 -0.513375
519	 -0.238677	 0.386187	 -0.891007
520	 -0.301259	 0.264083	 -0.916244
521	 -0.375039	 0.383614	 -0.843911
522	 -0.137952	 0.000000	 -0.990439
523	 -0.220117	 0.132792	 -0.966393
524	 0.156434	 0.519258	 -0.840178
525	 0.081142	 0.620240	 -0.780204
526	 -0.081142	 0.620240	 -0.780204
527	 -0.156434	 0.519258	 -0.840178
528	 -0.082324	 0.399607	 -0.912982
529	 0.082324	 0.399607	 -0.912982
530	 -0.156434	 -0.519258	 -0.840178
531	 -0.081142	 -0.620240	 -0.780204
532	 -0.237086	 -0.606825	 -0.758652
533	 0.237086	 -0.606825	 -0.758652
534	 0.081142	 -0.620240	 -0.780204
535	 -0.082242	 -0.133071	 -0.987688
536	 -0.220117	 -0.132792	 -0.966393
537	 -0.375039	 -0.383614	 -0.843911
538	 -0.301259	 -0.264083	 -0.916244
539	 -0.238677	 -0.386187	 -0.891007
540	 -0.082324	 -0.399607	 -0.912982
541	 0.000000	 -0.266405	 -0.963861
542	 0.601501	 -0.707107	 -0.371748
543	 0.702310	 -0.647412	 -0.296005
544	 0.783452	 -0.516122	 -0.346153
545	 0.371748	 -0.601501	 -0.707107
546	 0.296005	 -0.702310	 -0.647412
547	 0.383614	 -0.843911	 -0.375039
548	 0.346153	 -0.783452	 -0.516122
549	 0.468430	 -0.757935	 -0.453991
550	 0.564254	 -0.646578	 -0.513375
551	 0.513375	 -0.564254	 -0.646578
552	 0.133071	 -0.987688	 0.082242
553	 0.132792	 -0.966393	 0.220117
554	 0.383614	 -0.843911	 0.375039
555	 0.264083	 -0.916244	 0.301259
556	 0.386187	 -0.891007	 -0.238677
557	 0.264083	 -0.916244	 -0.301259
558	 0.000000	 -0.990439	 -0.137952
559	 0.132792	 -0.966393	 -0.220117
560	 0.133071	 -0.987688	 -0.082242
561	 0.266405	 -0.963861	 0.000000
562	 0.399607	 -0.912982	 -0.082324
563	 -0.519258	 -0.840178	 -0.156434
564	 -0.620240	 -0.780204	 -0.081142
565	 -0.606825	 -0.758652	 0.237086
566	 -0.620240	 -0.780204	 0.081142
567	 -0.133071	 -0.987688	 -0.082242
568	 -0.132792	 -0.966393	 -0.220117
569	 -0.383614	 -0.843911	 -0.375039
570	 -0.264083	 -0.916244	 -0.301259
571	 -0.386187	 -0.891007	 -0.238677
572	 -0.399607	 -0.912982	 -0.082324
573	 -0.266405	 -0.963861	 0.000000
574	 -0.707107	 -0.371748	 0.601501
575	 -0.647412	 -0.296005	 0.702310
576	 -0.758652	 -0.237086	 0.606825
577	 -0.375039	 -0.383614	 0.843911
578	 -0.516122	 -0.346153	 0.783452
579	 -0.601501	 -0.707107	 0.371748
580	 -0.702310	 -0.647412	 0.296005
581	 -0.783452	 -0.516122	 0.346153
582	 -0.757935	 -0.453991	 0.468430
583	 -0.646578	 -0.513375	 0.564254
584	 -0.564254	 -0.646578	 0.513375
585	 0.082242	 -0.133071	 0.987688
586	 0.220117	 -0.132792	 0.966393
587	 0.375039	 -0.383614	 0.843911
588	 0.301259	 -0.264083	 0.916244
589	 -0.238677	 -0.386187	 0.891007
590	 -0.301259	 -0.264083	 0.916244
591	 -0.220117	 -0.132792	 0.966393
592	 -0.082242	 -0.133071	 0.987688
593	 0.000000	 -0.266405	 0.963861
594	 -0.082324	 -0.399607	 0.912982
595	 0.453991	 -0.468430	 0.757935
596	 0.516122	 -0.346153	 0.783452
597	 0.647412	 -0.296005	 0.702310
598	 0.468430	 -0.757935	 0.453991
599	 0.346153	 -0.783452	 0.516122
600	 0.296005	 -0.702310	 0.647412
601	 0.371748	 -0.601501	 0.707107
602	 0.513375	 -0.564254	 0.646578
603	 0.564254	 -0.646578	 0.513375
604	 -0.840178	 0.156434	 0.519258
605	 -0.780204	 0.081142	 0.620240
606	 -0.780204	 -0.081142	 0.620240
607	 -0.987688	 0.082242	 0.133071
608	 -0.966393	 0.220117	 0.132792
609	 -0.990439	 0.137952	 0.000000
610	 -0.916244	 0.301259	 0.264083
611	 -0.891007	 0.238677	 0.386187
612	 -0.912982	 0.082324	 0.399607
613	 -0.963861	 0.000000	 0.266405
614	 -0.987688	 -0.082242	 -0.133071
615	 -0.966393	 -0.220117	 -0.132792
616	 -0.916244	 -0.301259	 -0.264083
617	 -0.891007	 0.238677	 -0.386187
618	 -0.916244	 0.301259	 -0.264083
619	 -0.843911	 0.375039	 -0.383614
620	 -0.966393	 0.220117	 -0.132792
621	 -0.987688	 0.082242	 -0.133071
622	 -0.963861	 0.000000	 -0.266405
623	 -0.912982	 0.082324	 -0.399607
624	 -0.707107	 0.371748	 -0.601501
625	 -0.647412	 0.296005	 -0.702310
626	 -0.516122	 0.346153	 -0.783452
627	 -0.601501	 0.707107	 -0.371748
628	 -0.702310	 0.647412	 -0.296005
629	 -0.783452	 0.516122	 -0.346153
630	 -0.757935	 0.453991	 -0.468430
631	 -0.646578	 0.513375	 -0.564254
632	 -0.564254	 0.646578	 -0.513375
633	 -0.453991	 -0.468430	 -0.757935
634	 -0.516122	 -0.346153	 -0.783452
635	 -0.647412	 -0.296005	 -0.702310
636	 -0.468430	 -0.757935	 -0.453991
637	 -0.346153	 -0.783452	 -0.516122
638	 -0.296005	 -0.702310	 -0.647412
639	 -0.371748	 -0.601501	 -0.707107
640	 -0.513375	 -0.564254	 -0.646578
641	 -0.564254	 -0.646578	 -0.513375
---------------------------------------------------
0	 -0.525731	 0.000000	 0.850651
1	 0.525731	 0.000000	 0.850651
2	 -0.525731	 0.000000	 -0.850651
3	 0.525731	 0.000000	 -0.850651
4	 0.000000	 0.850651	 0.525731
5	 0.000000	 0.850651	 -0.525731
6	 0.000000	 -0.850651	 0.525731
7	 0.000000	 -0.850651	 -0.525731
8	 0.850651	 0.525731	 0.000000
9	 -0.850651	 0.525731	 0.000000
10	 0.850651	 -0.525731	 0.000000
11	 -0.850651	 -0.525731	 0.000000
12	 0.309017	 0.500000	 0.809017
13	 -0.309017	 0.500000	 0.809017
14	 0.000000	 0.000000	 1.000000
15	 -0.500000	 0.809017	 0.309017
16	 -0.809017	 0.309017	 0.500000
17	 0.000000	 1.000000	 0.000000
18	 -0.500000	 0.809017	 -0.309017
19	 0.500000	 0.809017	 -0.309017
20	 0.500000	 0.809017	 0.309017
21	 0.809017	 0.309017	 0.500000
22	 0.809017	 -0.309017	 0.500000
23	 1.000000	 0.000000	 0.000000
24	 0.809017	 -0.309017	 -0.500000
25	 0.809017	 0.309017	 -0.500000
26	 0.309017	 0.500000	 -0.809017
27	 0.000000	 0.000000	 -1.000000
28	 -0.309017	 0.500000	 -0.809017
29	 0.309017	 -0.500000	 -0.809017
30	 -0.309017	 -0.500000	 -0.809017
31	 0.500000	 -0.809017	 -0.309017
32	 0.500000	 -0.809017	 0.309017
33	 0.000000	 -1.000000	 0.000000
34	 -0.500000	 -0.809017	 0.309017
35	 -0.500000	 -0.809017	 -0.309017
36	 -0.309017	 -0.500000	 0.809017
37	 -0.809017	 -0.309017	 0.500000
38	 0.309017	 -0.500000	 0.809017
39	 -1.000000	 0.000000	 0.000000
40	 -0.809017	 -0.309017	 -0.500000
41	 -0.809017	 0.309017	 -0.500000
42	 0.433889	 0.259892	 0.862668
43	 0.162460	 0.262866	 0.951057
44	 0.273266	 0.000000	 0.961938
45	 -0.259892	 0.862668	 0.433889
46	 -0.425325	 0.688191	 0.587785
47	 -0.160622	 0.702046	 0.693780
48	 0.000000	 0.961938	 0.273266
49	 -0.262866	 0.951057	 0.162460
50	 0.702046	 0.693780	 -0.160622
51	 0.525731	 0.850651	 0.000000
52	 0.702046	 0.693780	 0.160622
53	 0.693780	 0.160622	 0.702046
54	 0.587785	 0.425325	 0.688191
55	 0.693780	 -0.160622	 0.702046
56	 0.850651	 0.000000	 0.525731
57	 0.862668	 -0.433889	 -0.259892
58	 0.951057	 -0.162460	 -0.262866
59	 0.961938	 -0.273266	 0.000000
60	 0.862668	 0.433889	 -0.259892
61	 0.688191	 0.587785	 -0.425325
62	 0.273266	 0.000000	 -0.961938
63	 0.162460	 0.262866	 -0.951057
64	 0.433889	 0.259892	 -0.862668
65	 0.433889	 -0.259892	 -0.862668
66	 0.162460	 -0.262866	 -0.951057
67	 0.693780	 -0.160622	 -0.702046
68	 0.587785	 -0.425325	 -0.688191
69	 0.702046	 -0.693780	 0.160622
70	 0.525731	 -0.850651	 0.000000
71	 0.702046	 -0.693780	 -0.160622
72	 -0.259892	 -0.862668	 0.433889
73	 -0.262866	 -0.951057	 0.162460
74	 0.000000	 -0.961938	 0.273266
75	 -0.160622	 -0.702046	 0.693780
76	 -0.425325	 -0.688191	 0.587785
77	 0.160622	 -0.702046	 0.693780
78	 0.000000	 -0.525731	 0.850651
79	 0.862668	 -0.433889	 0.259892
80	 0.688191	 -0.587785	 0.425325
81	 -0.862668	 -0.433889	 0.259892
82	 -0.951057	 -0.162460	 0.262866
83	 -0.961938	 -0.273266	 0.000000
84	 -0.693780	 -0.160622	 -0.702046
85	 -0.850651	 0.000000	 -0.525731
86	 -0.693780	 0.160622	 -0.702046
87	 -0.160622	 0.702046	 -0.693780
88	 -0.425325	 0.688191	 -0.587785
89	 -0.259892	 0.862668	 -0.433889
90	 -0.862668	 -0.433889	 -0.259892
91	 -0.688191	 -0.587785	 -0.425325
92	 -0.702046	 -0.693780	 -0.160622
93	 0.000000	 0.525731	 0.850651
94	 0.160622	 0.702046	 0.693780
95	 -0.273266	 0.000000	 0.961938
96	 -0.162460	 0.262866	 0.951057
97	 -0.433889	 0.259892	 0.862668
98	 -0.862668	 0.433889	 0.259892
99	 -0.688191	 0.587785	 0.425325
100	 -0.702046	 0.693780	 0.160622
101	 -0.587785	 0.425325	 0.688191
102	 -0.693780	 0.160622	 0.702046
103	 -0.262866	 0.951057	 -0.162460
104	 0.000000	 0.961938	 -0.273266
105	 -0.525731	 0.850651	 0.000000
106	 -0.702046	 0.693780	 -0.160622
107	 0.262866	 0.951057	 -0.162460
108	 0.259892	 0.862668	 -0.433889
109	 0.259892	 0.862668	 0.433889
110	 0.262866	 0.951057	 0.162460
111	 0.688191	 0.587785	 0.425325
112	 0.862668	 0.433889	 0.259892
113	 0.425325	 0.688191	 0.587785
114	 0.951057	 -0.162460	 0.262866
115	 0.951057	 0.162460	 0.262866
116	 0.961938	 0.273266	 0.000000
117	 0.693780	 0.160622	 -0.702046
118	 0.850651	 0.000000	 -0.525731
119	 0.951057	 0.162460	 -0.262866
120	 0.587785	 0.425325	 -0.688191
121	 0.425325	 0.688191	 -0.587785
122	 0.160622	 0.702046	 -0.693780
123	 -0.433889	 0.259892	 -0.862668
124	 -0.162460	 0.262866	 -0.951057
125	 -0.273266	 0.000000	 -0.961938
126	 0.000000	 0.525731	 -0.850651
127	 -0.160622	 -0.702046	 -0.693780
128	 0.000000	 -0.525731	 -0.850651
129	 0.160622	 -0.702046	 -0.693780
130	 -0.162460	 -0.262866	 -0.951057
131	 -0.433889	 -0.259892	 -0.862668
132	 0.688191	 -0.587785	 -0.425325
133	 0.425325	 -0.688191	 -0.587785
134	 0.259892	 -0.862668	 -0.433889
135	 0.262866	 -0.951057	 0.162460
136	 0.259892	 -0.862668	 0.433889
137	 0.262866	 -0.951057	 -0.162460
138	 0.000000	 -0.961938	 -0.273266
139	 -0.525731	 -0.850651	 0.000000
140	 -0.702046	 -0.693780	 0.160622
141	 -0.262866	 -0.951057	 -0.162460
142	 -0.259892	 -0.862668	 -0.433889
143	 -0.693780	 -0.160622	 0.702046
144	 -0.587785	 -0.425325	 0.688191
145	 -0.433889	 -0.259892	 0.862668
146	 -0.688191	 -0.587785	 0.425325
147	 0.162460	 -0.262866	 0.951057
148	 0.433889	 -0.259892	 0.862668
149	 -0.162460	 -0.262866	 0.951057
150	 0.587785	 -0.425325	 0.688191
151	 0.425325	 -0.688191	 0.587785
152	 -0.850651	 0.000000	 0.525731
153	 -0.961938	 0.273266	 0.000000
154	 -0.951057	 0.162460	 0.262866
155	 -0.951057	 -0.162460	 -0.262866
156	 -0.862668	 0.433889	 -0.259892
157	 -0.951057	 0.162460	 -0.262866
158	 -0.587785	 0.425325	 -0.688191
159	 -0.688191	 0.587785	 -0.425325
160	 -0.587785	 -0.425325	 -0.688191
161	 -0.425325	 -0.688191	 -0.587785
162	 0.484442	 0.131200	 0.864929
163	 0.358229	 0.131655	 0.924305
164	 0.403355	 0.000000	 0.915043
165	 -0.131200	 0.864929	 0.484442
166	 -0.213023	 0.792649	 0.571252
167	 -0.081086	 0.783843	 0.615642
168	 0.000000	 0.915043	 0.403355
169	 -0.131655	 0.924305	 0.358229
170	 0.783843	 0.615642	 -0.081086
171	 0.711282	 0.702907	 0.000000
172	 0.783843	 0.615642	 0.081086
173	 0.615642	 0.081086	 0.783843
174	 0.571252	 0.213023	 0.792649
175	 0.615642	 -0.081086	 0.783843
176	 0.702907	 0.000000	 0.711282
177	 0.864929	 -0.484442	 -0.131200
178	 0.924305	 -0.358229	 -0.131655
179	 0.915043	 -0.403355	 0.000000
180	 0.864929	 0.484442	 -0.131200
181	 0.792649	 0.571252	 -0.213023
182	 0.403355	 0.000000	 -0.915043
183	 0.358229	 0.131655	 -0.924305
184	 0.484442	 0.131200	 -0.864929
185	 0.484442	 -0.131200	 -0.864929
186	 0.358229	 -0.131655	 -0.924305
187	 0.615642	 -0.081086	 -0.783843
188	 0.571252	 -0.213023	 -0.792649
189	 0.783843	 -0.615642	 0.081086
190	 0.711282	 -0.702907	 0.000000
191	 0.783843	 -0.615642	 -0.081086
192	 -0.131200	 -0.864929	 0.484442
193	 -0.131655	 -0.924305	 0.358229
194	 0.000000	 -0.915043	 0.403355
195	 -0.081086	 -0.783843	 0.615642
196	 -0.213023	 -0.792649	 0.571252
197	 0.081086	 -0.783843	 0.615642
198	 0.000000	 -0.711282	 0.702907
199	 0.864929	 -0.484442	 0.131200
200	 0.792649	 -0.571252	 0.213023
201	 -0.864929	 -0.484442	 0.131200
202	 -0.924305	 -0.358229	 0.131655
203	 -0.915043	 -0.403355	 0.000000
204	 -0.615642	 -0.081086	 -0.783843
205	 -0.702907	 0.000000	 -0.711282
206	 -0.615642	 0.081086	 -0.783843
207	 -0.081086	 0.783843	 -0.615642
208	 -0.213023	 0.792649	 -0.571252
209	 -0.131200	 0.864929	 -0.484442
210	 -0.864929	 -0.484442	 -0.131200
211	 -0.792649	 -0.571252	 -0.213023
212	 -0.783843	 -0.615642	 -0.081086
213	 0.000000	 0.711282	 0.702907
214	 0.081086	 0.783843	 0.615642
215	 -0.403355	 0.000000	 0.915043
216	 -0.358229	 0.131655	 0.924305
217	 -0.484442	 0.131200	 0.864929
218	 0.156434	 0.519258	 0.840178
219	 0.082324	 0.399607	 0.912982
220	 0.238677	 0.386187	 0.891007
221	 -0.864929	 0.484442	 0.131200
222	 -0.792649	 0.571252	 0.213023
223	 -0.783843	 0.615642	 0.081086
224	 -0.571252	 0.213023	 0.792649
225	 -0.615642	 0.081086	 0.783843
226	 -0.601501	 0.707107	 0.371748
227	 -0.564254	 0.646578	 0.513375
228	 -0.468430	 0.757935	 0.453991
229	 -0.131655	 0.924305	 -0.358229
230	 0.000000	 0.915043	 -0.403355
231	 -0.711282	 0.702907	 0.000000
232	 -0.783843	 0.615642	 -0.081086
233	 -0.133071	 0.987688	 -0.082242
234	 -0.266405	 0.963861	 0.000000
235	 -0.133071	 0.987688	 0.082242
236	 0.131655	 0.924305	 -0.358229
237	 0.131200	 0.864929	 -0.484442
238	 0.131200	 0.864929	 0.484442
239	 0.131655	 0.924305	 0.358229
240	 0.386187	 0.891007	 -0.238677
241	 0.399607	 0.912982	 -0.082324
242	 0.519258	 0.840178	 -0.156434
243	 0.792649	 0.571252	 0.213023
244	 0.864929	 0.484442	 0.131200
245	 0.213023	 0.792649	 0.571252
246	 0.757935	 0.453991	 0.468430
247	 0.646578	 0.513375	 0.564254
248	 0.707107	 0.371748	 0.601501
249	 0.924305	 -0.358229	 0.131655
250	 0.924305	 0.358229	 0.131655
251	 0.915043	 0.403355	 0.000000
252	 0.891007	 -0.238677	 0.386187
253	 0.912982	 -0.082324	 0.399607
254	 0.840178	 -0.156434	 0.519258
255	 0.615642	 0.081086	 -0.783843
256	 0.702907	 0.000000	 -0.711282
257	 0.924305	 0.358229	 -0.131655
258	 0.840178	 -0.156434	 -0.519258
259	 0.912982	 -0.082324	 -0.399607
260	 0.891007	 -0.238677	 -0.386187
261	 0.571252	 0.213023	 -0.792649
262	 0.213023	 0.792649	 -0.571252
263	 0.081086	 0.783843	 -0.615642
264	 0.707107	 0.371748	 -0.601501
265	 0.646578	 0.513375	 -0.564254
266	 0.757935	 0.453991	 -0.468430
267	 -0.484442	 0.131200	 -0.864929
268	 -0.358229	 0.131655	 -0.924305
269	 -0.403355	 0.000000	 -0.915043
270	 0.000000	 0.711282	 -0.702907
271	 -0.082242	 0.133071	 -0.987688
272	 0.000000	 0.266405	 -0.963861
273	 0.082242	 0.133071	 -0.987688
274	 -0.081086	 -0.783843	 -0.615642
275	 0.000000	 -0.711282	 -0.702907
276	 0.081086	 -0.783843	 -0.615642
277	 -0.358229	 -0.131655	 -0.924305
278	 -0.484442	 -0.131200	 -0.864929
279	 0.156434	 -0.519258	 -0.840178
280	 0.082324	 -0.399607	 -0.912982
281	 0.238677	 -0.386187	 -0.891007
282	 0.792649	 -0.571252	 -0.213023
283	 0.213023	 -0.792649	 -0.571252
284	 0.131200	 -0.864929	 -0.484442
285	 0.757935	 -0.453991	 -0.468430
286	 0.646578	 -0.513375	 -0.564254
287	 0.707107	 -0.371748	 -0.601501
288	 0.131655	 -0.924305	 0.358229
289	 0.131200	 -0.864929	 0.484442
290	 0.131655	 -0.924305	 -0.358229
291	 0.000000	 -0.915043	 -0.403355
292	 0.386187	 -0.891007	 0.238677
293	 0.399607	 -0.912982	 0.082324
294	 0.519258	 -0.840178	 0.156434
295	 -0.711282	 -0.702907	 0.000000
296	 -0.783843	 -0.615642	 0.081086
297	 -0.131655	 -0.924305	 -0.358229
298	 -0.131200	 -0.864929	 -0.484442
299	 -0.519258	 -0.840178	 0.156434
300	 -0.399607	 -0.912982	 0.082324
301	 -0.386187	 -0.891007	 0.238677
302	 -0.615642	 -0.081086	 0.783843
303	 -0.571252	 -0.213023	 0.792649
304	 -0.484442	 -0.131200	 0.864929
305	 -0.792649	 -0.571252	 0.213023
306	 -0.453991	 -0.468430	 0.757935
307	 -0.513375	 -0.564254	 0.646578
308	 -0.371748	 -0.601501	 0.707107
309	 0.358229	 -0.131655	 0.924305
310	 0.484442	 -0.131200	 0.864929
311	 -0.358229	 -0.131655	 0.924305
312	 0.238677	 -0.386187	 0.891007
313	 0.082324	 -0.399607	 0.912982
314	 0.156434	 -0.519258	 0.840178
315	 0.571252	 -0.213023	 0.792649
316	 0.213023	 -0.792649	 0.571252
317	 0.707107	 -0.371748	 0.601501
318	 0.646578	 -0.513375	 0.564254
319	 0.757935	 -0.453991	 0.468430
320	 -0.702907	 0.000000	 0.711282
321	 -0.915043	 0.403355	 0.000000
322	 -0.924305	 0.358229	 0.131655
323	 -0.840178	 -0.156434	 0.519258
324	 -0.912982	 -0.082324	 0.399607
325	 -0.891007	 -0.238677	 0.386187
326	 -0.924305	 -0.358229	 -0.131655
327	 -0.864929	 0.484442	 -0.131200
328	 -0.924305	 0.358229	 -0.131655
329	 -0.891007	 -0.238677	 -0.386187
330	 -0.912982	 -0.082324	 -0.399607
331	 -0.840178	 -0.156434	 -0.519258
332	 -0.571252	 0.213023	 -0.792649
333	 -0.792649	 0.571252	 -0.213023
334	 -0.453991	 0.468430	 -0.757935
335	 -0.513375	 0.564254	 -0.646578
336	 -0.371748	 0.601501	 -0.707107
337	 -0.571252	 -0.213023	 -0.792649
338	 -0.213023	 -0.792649	 -0.571252
339	 -0.707107	 -0.371748	 -0.601501
340	 -0.646578	 -0.513375	 -0.564254
341	 -0.757935	 -0.453991	 -0.468430
342	 0.301259	 0.264083	 0.916244
343	 0.375039	 0.383614	 0.843911
344	 0.137952	 0.000000	 0.990439
345	 0.220117	 0.132792	 0.966393
346	 0.082242	 0.133071	 0.987688
347	 -0.346153	 0.783452	 0.516122
348	 -0.383614	 0.843911	 0.375039
349	 -0.237086	 0.606825	 0.758652
350	 -0.296005	 0.702310	 0.647412
351	 -0.371748	 0.601501	 0.707107
352	 -0.132792	 0.966393	 0.220117
353	 0.000000	 0.990439	 0.137952
354	 -0.264083	 0.916244	 0.301259
355	 -0.386187	 0.891007	 0.238677
356	 0.620240	 0.780204	 -0.081142
357	 0.606825	 0.758652	 -0.237086
358	 0.606825	 0.758652	 0.237086
359	 0.620240	 0.780204	 0.081142
360	 0.519258	 0.840178	 0.156434
361	 0.647412	 0.296005	 0.702310
362	 0.758652	 0.237086	 0.606825
363	 0.516122	 0.346153	 0.783452
364	 0.453991	 0.468430	 0.757935
365	 0.780204	 -0.081142	 0.620240
366	 0.758652	 -0.237086	 0.606825
367	 0.780204	 0.081142	 0.620240
368	 0.840178	 0.156434	 0.519258
369	 0.916244	 -0.301259	 -0.264083
370	 0.843911	 -0.375039	 -0.383614
371	 0.990439	 -0.137952	 0.000000
372	 0.966393	 -0.220117	 -0.132792
373	 0.987688	 -0.082242	 -0.133071
374	 0.783452	 0.516122	 -0.346153
375	 0.843911	 0.375039	 -0.383614
376	 0.702310	 0.647412	 -0.296005
377	 0.601501	 0.707107	 -0.371748
378	 0.220117	 0.132792	 -0.966393
379	 0.137952	 0.000000	 -0.990439
380	 0.375039	 0.383614	 -0.843911
381	 0.301259	 0.264083	 -0.916244
382	 0.238677	 0.386187	 -0.891007
383	 0.301259	 -0.264083	 -0.916244
384	 0.375039	 -0.383614	 -0.843911
385	 0.220117	 -0.132792	 -0.966393
386	 0.082242	 -0.133071	 -0.987688
387	 0.647412	 -0.296005	 -0.702310
388	 0.758652	 -0.237086	 -0.606825
389	 0.516122	 -0.346153	 -0.783452
390	 0.453991	 -0.468430	 -0.757935
391	 0.620240	 -0.780204	 0.081142
392	 0.606825	 -0.758652	 0.237086
393	 0.606825	 -0.758652	 -0.237086
394	 0.620240	 -0.780204	 -0.081142
395	 0.519258	 -0.840178	 -0.156434
396	 -0.264083	 -0.916244	 0.301259
397	 -0.383614	 -0.843911	 0.375039
398	 0.000000	 -0.990439	 0.137952
399	 -0.132792	 -0.966393	 0.220117
400	 -0.133071	 -0.987688	 0.082242
401	 -0.296005	 -0.702310	 0.647412
402	 -0.237086	 -0.606825	 0.758652
403	 -0.346153	 -0.783452	 0.516122
404	 -0.468430	 -0.757935	 0.453991
405	 0.081142	 -0.620240	 0.780204
406	 0.237086	 -0.606825	 0.758652
407	 -0.081142	 -0.620240	 0.780204
408	 -0.156434	 -0.519258	 0.840178
409	 0.783452	 -0.516122	 0.346153
410	 0.843911	 -0.375039	 0.383614
411	 0.702310	 -0.647412	 0.296005
412	 0.601501	 -0.707107	 0.371748
413	 -0.916244	 -0.301259	 0.264083
414	 -0.843911	 -0.375039	 0.383614
415	 -0.990439	 -0.137952	 0.000000
416	 -0.966393	 -0.220117	 0.132792
417	 -0.987688	 -0.082242	 0.133071
418	 -0.780204	 -0.081142	 -0.620240
419	 -0.758652	 -0.237086	 -0.606825
420	 -0.758652	 0.237086	 -0.606825
421	 -0.780204	 0.081142	 -0.620240
422	 -0.840178	 0.156434	 -0.519258
423	 -0.296005	 0.702310	 -0.647412
424	 -0.237086	 0.606825	 -0.758652
425	 -0.383614	 0.843911	 -0.375039
426	 -0.346153	 0.783452	 -0.516122
427	 -0.468430	 0.757935	 -0.453991
428	 -0.783452	 -0.516122	 -0.346153
429	 -0.843911	 -0.375039	 -0.383614
430	 -0.606825	 -0.758652	 -0.237086
431	 -0.702310	 -0.647412	 -0.296005
432	 -0.601501	 -0.707107	 -0.371748
433	 -0.156434	 0.519258	 0.840178
434	 -0.081142	 0.620240	 0.780204
435	 0.237086	 0.606825	 0.758652
436	 0.081142	 0.620240	 0.780204
437	 -0.082242	 0.133071	 0.987688
438	 -0.220117	 0.132792	 0.966393
439	 -0.137952	 0.000000	 0.990439
440	 -0.375039	 0.383614	 0.843911
441	 -0.301259	 0.264083	 0.916244
442	 -0.238677	 0.386187	 0.891007
443	 -0.082324	 0.399607	 0.912982
444	 0.000000	 0.266405	 0.963861
445	 -0.757935	 0.453991	 0.468430
446	 -0.783452	 0.516122	 0.346153
447	 -0.843911	 0.375039	 0.383614
448	 -0.606825	 0.758652	 0.237086
449	 -0.702310	 0.647412	 0.296005
450	 -0.453991	 0.468430	 0.757935
451	 -0.516122	 0.346153	 0.783452
452	 -0.758652	 0.237086	 0.606825
453	 -0.647412	 0.296005	 0.702310
454	 -0.707107	 0.371748	 0.601501
455	 -0.646578	 0.513375	 0.564254
456	 -0.513375	 0.564254	 0.646578
457	 -0.386187	 0.891007	 -0.238677
458	 -0.264083	 0.916244	 -0.301259
459	 0.000000	 0.990439	 -0.137952
460	 -0.132792	 0.966393	 -0.220117
461	 -0.519258	 0.840178	 0.156434
462	 -0.620240	 0.780204	 0.081142
463	 -0.606825	 0.758652	 -0.237086
464	 -0.620240	 0.780204	 -0.081142
465	 -0.519258	 0.840178	 -0.156434
466	 -0.399607	 0.912982	 -0.082324
467	 -0.399607	 0.912982	 0.082324
468	 0.133071	 0.987688	 -0.082242
469	 0.132792	 0.966393	 -0.220117
470	 0.383614	 0.843911	 -0.375039
471	 0.264083	 0.916244	 -0.301259
472	 0.386187	 0.891007	 0.238677
473	 0.264083	 0.916244	 0.301259
474	 0.383614	 0.843911	 0.375039
475	 0.132792	 0.966393	 0.220117
476	 0.133071	 0.987688	 0.082242
477	 0.266405	 0.963861	 0.000000
478	 0.399607	 0.912982	 0.082324
479	 0.601501	 0.707107	 0.371748
480	 0.702310	 0.647412	 0.296005
481	 0.843911	 0.375039	 0.383614
482	 0.783452	 0.516122	 0.346153
483	 0.371748	 0.601501	 0.707107
484	 0.296005	 0.702310	 0.647412
485	 0.346153	 0.783452	 0.516122
486	 0.468430	 0.757935	 0.453991
487	 0.564254	 0.646578	 0.513375
488	 0.513375	 0.564254	 0.646578
489	 0.987688	 -0.082242	 0.133071
490	 0.966393	 -0.220117	 0.132792
491	 0.916244	 -0.301259	 0.264083
492	 0.891007	 0.238677	 0.386187
493	 0.916244	 0.301259	 0.264083
494	 0.990439	 0.137952	 0.000000
495	 0.966393	 0.220117	 0.132792
496	 0.987688	 0.082242	 0.133071
497	 0.963861	 0.000000	 0.266405
498	 0.912982	 0.082324	 0.399607
499	 0.840178	 0.156434	 -0.519258
500	 0.780204	 0.081142	 -0.620240
501	 0.758652	 0.237086	 -0.606825
502	 0.780204	 -0.081142	 -0.620240
503	 0.987688	 0.082242	 -0.133071
504	 0.966393	 0.220117	 -0.132792
505	 0.916244	 0.301259	 -0.264083
506	 0.891007	 0.238677	 -0.386187
507	 0.912982	 0.082324	 -0.399607
508	 0.963861	 0.000000	 -0.266405
509	 0.453991	 0.468430	 -0.757935
510	 0.516122	 0.346153	 -0.783452
511	 0.647412	 0.296005	 -0.702310
512	 0.468430	 0.757935	 -0.453991
513	 0.346153	 0.783452	 -0.516122
514	 0.237086	 0.606825	 -0.758652
515	 0.296005	 0.702310	 -0.647412
516	 0.371748	 0.601501	 -0.707107
517	 0.513375	 0.564254	 -0.646578
518	 0.564254	 0.646578	 -0.513375
519	 -0.238677	 0.386187	 -0.891007
520	 -0.301259	 0.264083	 -0.916244
521	 -0.375039	 0.383614	 -0.843911
522	 -0.137952	 0.000000	 -0.990439
523	 -0.220117	 0.132792	 -0.966393
524	 0.156434	 0.519258	 -0.840178
525	 0.081142	 0.620240	 -0.780204
526	 -0.081142	 0.620240	 -0.780204
527	 -0.156434	 0.519258	 -0.840178
528	 -0.082324	 0.399607	 -0.912982
529	 0.082324	 0.399607	 -0.912982
530	 -0.156434	 -0.519258	 -0.840178
531	 -0.081142	 -0.620240	 -0.780204
532	 -0.237086	 -0.606825	 -0.758652
533	 0.237086	 -0.606825	 -0.758652
534	 0.081142	 -0.620240	 -0.780204
535	 -0.082242	 -0.133071	 -0.987688
536	 -0.220117	 -0.132792	 -0.966393
537	 -0.375039	 -0.383614	 -0.843911
538	 -0.301259	 -0.264083	 -0.916244
539	 -0.238677	 -0.386187	 -0.891007
540	 -0.082324	 -0.399607	 -0.912982
541	 0.000000	 -0.266405	 -0.963861
542	 0.601501	 -0.707107	 -0.371748
543	 0.702310	 -0.647412	 -0.296005
544	 0.783452	 -0.516122	 -0.346153
545	 0.371748	 -0.601501	 -0.707107
546	 0.296005	 -0.702310	 -0.647412
547	 0.383614	 -0.843911	 -0.375039
548	 0.346153	 -0.783452	 -0.516122
549	 0.468430	 -0.757935	 -0.453991
550	 0.564254	 -0.646578	 -0.513375
551	 0.513375	 -0.564254	 -0.646578
552	 0.133071	 -0.987688	 0.082242
553	 0.132792	 -0.966393	 0.220117
554	 0.383614	 -0.843911	 0.375039
555	 0.264083	 -0.916244	 0.301259
556	 0.386187	 -0.891007	 -0.238677
557	 0.264083	 -0.916244	 -0.301259
558	 0.000000	 -0.990439	 -0.137952
559	 0.132792	 -0.966393	 -0.220117
560	 0.133071	 -0.987688	 -0.082242
561	 0.266405	 -0.963861	 0.000000
562	 0.399607	 -0.912982	 -0.082324
563	 -0.519258	 -0.840178	 -0.156434
564	 -0.620240	 -0.780204	 -0.081142
565	 -0.606825	 -0.758652	 0.237086
566	 -0.620240	 -0.780204	 0.081142
567	 -0.133071	 -0.987688	 -0.082242
568	 -0.132792	 -0.966393	 -0.220117
569	 -0.383614	 -0.843911	 -0.375039
570	 -0.264083	 -0.916244	 -0.301259
571	 -0.386187	 -0.891007	 -0.238677
572	 -0.399607	 -0.912982	 -0.082324
573	 -0.266405	 -0.963861	 0.000000
574	 -0.707107	 -0.371748	 0.601501
575	 -0.647412	 -0.296005	 0.702310
576	 -0.758652	 -0.237086	 0.606825
577	 -0.375039	 -0.383614	 0.843911
578	 -0.516122	 -0.346153	 0.783452
579	 -0.601501	 -0.707107	 0.371748
580	 -0.702310	 -0.647412	 0.296005
581	 -0.783452	 -0.516122	 0.346153
582	 -0.757935	 -0.453991	 0.468430
583	 -0.646578	 -0.513375	 0.564254
584	 -0.564254	 -0.646578	 0.513375
585	 0.082242	 -0.133071	 0.987688
586	 0.220117	 -0.132792	 0.966393
587	 0.375039	 -0.383614	 0.843911
588	 0.301259	 -0.264083	 0.916244
589	 -0.238677	 -0.386187	 0.891007
590	 -0.301259	 -0.264083	 0.916244
591	 -0.220117	 -0.132792	 0.966393
592	 -0.082242	 -0.133071	 0.987688
593	 0.000000	 -0.266405	 0.963861
594	 -0.082324	 -0.399607	 0.912982
595	 0.453991	 -0.468430	 0.757935
596	 0.516122	 -0.346153	 0.783452
597	 0.647412	 -0.296005	 0.702310
598	 0.468430	 -0.757935	 0.453991
599	 0.346153	 -0.783452	 0.516122
600	 0.296005	 -0.702310	 0.647412
601	 0.371748	 -0.601501	 0.707107
602	 0.513375	 -0.564254	 0.646578
603	 0.564254	 -0.646578	 0.513375
604	 -0.840178	 0.156434	 0.519258
605	 -0.780204	 0.081142	 0.620240
606	 -0.780204	 -0.081142	 0.620240
607	 -0.987688	 0.082242	 0.133071
608	 -0.966393	 0.220117	 0.132792
609	 -0.990439	 0.137952	 0.000000
610	 -0.916244	 0.301259	 0.264083
611	 -0.891007	 0.238677	 0.386187
612	 -0.912982	 0.082324	 0.399607
613	 -0.963861	 0.000000	 0.266405
614	 -0.987688	 -0.082242	 -0.133071
615	 -0.966393	 -0.220117	 -0.132792
616	 -0.916244	 -0.301259	 -0.264083
617	 -0.891007	 0.238677	 -0.386187
618	 -0.916244	 0.301259	 -0.264083
619	 -0.843911	 0.375039	 -0.383614
620	 -0.966393	 0.220117	 -0.132792
621	 -0.987688	 0.082242	 -0.133071
622	 -0.963861	 0.000000	 -0.266405
623	 -0.912982	 0.082324	 -0.399607
624	 -0.707107	 0.371748	 -0.601501
625	 -0.647412	 0.296005	 -0.702310
626	 -0.516122	 0.346153	 -0.783452
627	 -0.601501	 0.707107	 -0.371748
628	 -0.702310	 0.647412	 -0.296005
629	 -0.783452	 0.516122	 -0.346153
630	 -0.757935	 0.453991	 -0.468430
631	 -0.646578	 0.513375	 -0.564254
632	 -0.564254	 0.646578	 -0.513375
633	 -0.453991	 -0.468430	 -0.757935
634	 -0.516122	 -0.346153	 -0.783452
635	 -0.647412	 -0.296005	 -0.702310
636	 -0.468430	 -0.757935	 -0.453991
637	 -0.346153	 -0.783452	 -0.516122
638	 -0.296005	 -0.702310	 -0.647412
639	 -0.371748	 -0.601501	 -0.707107
640	 -0.513375	 -0.564254	 -0.646578
641	 -0.564254	 -0.646578	 -0.513375
---------------------------------------------------
0	 -0.506963	 -0.104064	 0.862842
1	 0.562699	 -0.209772	 0.877661
2	 -0.522464	 -0.064544	 -0.834912
3	 0.530627	 -0.129849	 -0.818687
4	 -0.003736	 0.095713	 0.535396
5	 -0.025993	 0.315747	 -0.422596
6	 0.056526	 -0.961296	 0.582575
7	 0.026901	 -0.934668	 -0.488182
8	 0.807676	 -0.045508	 0.080004
9	 -0.850203	 0.409666	 0.012304
10	 0.895563	 -0.677227	 0.051630
11	 -0.836039	 -0.582465	 0.019658
12	 0.325014	 0.053621	 0.779877
13	 -0.299704	 0.255160	 0.774135
14	 0.032461	 -0.157780	 1.012415
15	 -0.510319	 0.502809	 0.302898
16	 -0.803225	 0.206192	 0.505579
17	 -0.017279	 -0.081789	 0.114111
18	 -0.510704	 0.546078	 -0.262401
19	 0.468356	 -0.092468	 -0.165428
20	 0.488742	 -0.286922	 0.417724
21	 0.805422	 -0.061789	 0.533466
22	 0.856424	 -0.488877	 0.550590
23	 1.009852	 -0.229465	 0.044060
24	 0.829813	 -0.446382	 -0.464467
25	 0.789734	 0.034000	 -0.445717
26	 0.297210	 0.240382	 -0.732134
27	 0.003893	 -0.088974	 -0.974743
28	 -0.311978	 0.349805	 -0.758418
29	 0.325173	 -0.589833	 -0.781423
30	 -0.298776	 -0.562398	 -0.789996
31	 0.541506	 -0.924861	 -0.258539
32	 0.561706	 -0.944539	 0.372381
33	 0.047407	 -1.100442	 0.054637
34	 -0.465195	 -0.887736	 0.347977
35	 -0.478544	 -0.875576	 -0.279161
36	 -0.269692	 -0.597581	 0.845718
37	 -0.791930	 -0.377289	 0.519146
38	 0.365228	 -0.638755	 0.859919
39	 -0.994301	 -0.059710	 0.010183
40	 -0.802114	 -0.360432	 -0.487188
41	 -0.807708	 0.230863	 -0.484722
42	 0.458588	 -0.032360	 0.860263
43	 0.189119	 0.009246	 0.935361
44	 0.310306	 -0.186339	 0.979753
45	 -0.274925	 0.345135	 0.418334
46	 -0.427064	 0.402287	 0.557649
47	 -0.157577	 0.265615	 0.649633
48	 -0.010915	 -0.063435	 0.358784
49	 -0.290924	 0.331824	 0.187497
50	 0.660730	 -0.089356	 -0.039660
51	 0.511513	 -0.341936	 0.143109
52	 0.671470	 -0.165388	 0.255947
53	 0.715123	 -0.114846	 0.727535
54	 0.592460	 -0.006683	 0.690333
55	 0.736878	 -0.353538	 0.744864
56	 0.877108	 -0.236117	 0.567416
57	 0.895411	 -0.579020	 -0.216373
58	 0.969200	 -0.337511	 -0.223419
59	 0.993671	 -0.449749	 0.045603
60	 0.824811	 0.017409	 -0.189251
61	 0.646091	 0.080407	 -0.327925
62	 0.277749	 -0.107524	 -0.932674
63	 0.161789	 0.122193	 -0.905452
64	 0.430740	 0.087102	 -0.813877
65	 0.444979	 -0.361430	 -0.836485
66	 0.171071	 -0.346875	 -0.928808
67	 0.705074	 -0.291866	 -0.671239
68	 0.607073	 -0.535699	 -0.656435
69	 0.757890	 -0.837784	 0.219862
70	 0.579891	 -0.978544	 0.059778
71	 0.747351	 -0.826444	 -0.108057
72	 -0.213118	 -0.956793	 0.483052
73	 -0.219956	 -1.040695	 0.211116
74	 0.054204	 -1.068449	 0.331338
75	 -0.111164	 -0.805523	 0.741719
76	 -0.386623	 -0.774780	 0.627311
77	 0.219467	 -0.825446	 0.749811
78	 0.050051	 -0.643342	 0.895905
79	 0.910864	 -0.600427	 0.312964
80	 0.746729	 -0.741103	 0.484115
81	 -0.846747	 -0.494598	 0.279481
82	 -0.941041	 -0.223623	 0.276198
83	 -0.952680	 -0.327692	 0.013526
84	 -0.688989	 -0.215364	 -0.689708
85	 -0.846967	 -0.056694	 -0.514781
86	 -0.691689	 0.092015	 -0.686542
87	 -0.171806	 0.421972	 -0.613617
88	 -0.431990	 0.482411	 -0.531855
89	 -0.279644	 0.460284	 -0.357743
90	 -0.852616	 -0.486285	 -0.244383
91	 -0.675789	 -0.643394	 -0.406000
92	 -0.684086	 -0.754014	 -0.135986
93	 0.015940	 0.156075	 0.805133
94	 0.169178	 0.071436	 0.672424
95	 -0.247749	 -0.128620	 0.973288
96	 -0.141850	 0.068449	 0.934985
97	 -0.419856	 0.112892	 0.855915
98	 -0.860107	 0.325874	 0.267411
99	 -0.687648	 0.421534	 0.422796
100	 -0.705131	 0.509497	 0.169705
101	 -0.581399	 0.272395	 0.679050
102	 -0.682810	 0.059223	 0.708905
103	 -0.292375	 0.385885	 -0.102491
104	 -0.028007	 0.101318	 -0.163077
105	 -0.538905	 0.549900	 0.023669
106	 -0.705685	 0.523626	 -0.136845
107	 0.249495	 -0.251232	 -0.016131
108	 0.228837	 0.067586	 -0.302055
109	 0.256587	 -0.189718	 0.518696
110	 0.252087	 -0.380358	 0.313534
111	 0.666110	 -0.074686	 0.466170
112	 0.834035	 -0.052639	 0.313730
113	 0.423372	 -0.060805	 0.604736
114	 0.982300	 -0.365005	 0.309718
115	 0.950869	 -0.136916	 0.308866
116	 0.941305	 -0.072176	 0.053359
117	 0.690785	 -0.023017	 -0.660579
118	 0.855398	 -0.175566	 -0.489554
119	 0.941433	 -0.093864	 -0.217430
120	 0.569848	 0.145831	 -0.619800
121	 0.392733	 0.183187	 -0.477923
122	 0.140602	 0.308575	 -0.593379
123	 -0.433021	 0.169911	 -0.835633
124	 -0.162056	 0.152981	 -0.914264
125	 -0.269824	 -0.074575	 -0.941583
126	 -0.006523	 0.315730	 -0.780214
127	 -0.143578	 -0.773227	 -0.666838
128	 0.012929	 -0.599754	 -0.827454
129	 0.182081	 -0.787533	 -0.661484
130	 -0.155660	 -0.331561	 -0.932991
131	 -0.427900	 -0.319311	 -0.847659
132	 0.720638	 -0.710667	 -0.382814
133	 0.452881	 -0.790066	 -0.549440
134	 0.294720	 -0.962210	 -0.388702
135	 0.320481	 -1.069602	 0.224558
136	 0.321782	 -0.987005	 0.496490
137	 0.309784	 -1.060278	 -0.107243
138	 0.037534	 -1.054484	 -0.226055
139	 -0.497200	 -0.922780	 0.035423
140	 -0.678619	 -0.759624	 0.189093
141	 -0.228865	 -1.033362	 -0.119719
142	 -0.235272	 -0.937394	 -0.399444
143	 -0.675759	 -0.241983	 0.719597
144	 -0.560484	 -0.505975	 0.715505
145	 -0.405453	 -0.356261	 0.887353
146	 -0.662733	 -0.658301	 0.453643
147	 0.207596	 -0.405028	 0.986499
148	 0.482800	 -0.422714	 0.904149
149	 -0.125600	 -0.379606	 0.980278
150	 0.643479	 -0.584768	 0.740744
151	 0.487678	 -0.826566	 0.648068
152	 -0.839972	 -0.076301	 0.537823
153	 -0.958808	 0.196281	 0.009658
154	 -0.945422	 0.087467	 0.272283
155	 -0.944968	 -0.215100	 -0.251787
156	 -0.861869	 0.340022	 -0.245351
157	 -0.947939	 0.097781	 -0.252690
158	 -0.588297	 0.320594	 -0.659303
159	 -0.690183	 0.454572	 -0.397057
160	 -0.579536	 -0.480154	 -0.672709
161	 -0.410229	 -0.750953	 -0.564006
162	 0.515022	 -0.111897	 0.878595
163	 0.390187	 -0.098108	 0.931571
164	 0.441013	 -0.198798	 0.937151
165	 -0.141944	 0.218832	 0.478627
166	 -0.218980	 0.308324	 0.539149
167	 -0.082002	 0.206892	 0.588545
168	 -0.008056	 0.014497	 0.452867
169	 -0.148858	 0.173386	 0.381396
170	 0.739069	 -0.063248	 0.019230
171	 0.675650	 -0.149530	 0.113479
172	 0.743602	 -0.094736	 0.169936
173	 0.646088	 -0.158355	 0.809257
174	 0.594263	 -0.072340	 0.804809
175	 0.655765	 -0.281592	 0.819950
176	 0.736073	 -0.224721	 0.746328
177	 0.903908	 -0.633095	 -0.083458
178	 0.957279	 -0.517992	 -0.086900
179	 0.954242	 -0.565290	 0.048387
180	 0.822273	 -0.012892	 -0.053603
181	 0.746305	 -0.004543	 -0.118239
182	 0.408092	 -0.118224	 -0.884292
183	 0.359806	 -0.001754	 -0.886761
184	 0.485381	 -0.015738	 -0.826391
185	 0.492742	 -0.243922	 -0.837039
186	 0.365672	 -0.234300	 -0.898047
187	 0.623368	 -0.210883	 -0.753291
188	 0.582729	 -0.328103	 -0.764202
189	 0.834792	 -0.763315	 0.136814
190	 0.762477	 -0.841879	 0.056576
191	 0.829552	 -0.757274	 -0.028667
192	 -0.079108	 -0.967258	 0.537882
193	 -0.080500	 -1.024772	 0.412468
194	 0.055967	 -1.023820	 0.461396
195	 -0.027588	 -0.890933	 0.668443
196	 -0.164254	 -0.891292	 0.620422
197	 0.139392	 -0.900747	 0.672633
198	 0.054870	 -0.824707	 0.755465
199	 0.911980	 -0.643697	 0.183995
200	 0.845714	 -0.725292	 0.269519
201	 -0.849652	 -0.542793	 0.150855
202	 -0.912111	 -0.415097	 0.147870
203	 -0.903375	 -0.458147	 0.016241
204	 -0.611656	 -0.139706	 -0.770440
205	 -0.699553	 -0.059424	 -0.698412
206	 -0.613022	 0.015157	 -0.768259
207	 -0.099172	 0.396582	 -0.523052
208	 -0.228374	 0.451162	 -0.489887
209	 -0.154603	 0.388411	 -0.393907
210	 -0.852790	 -0.538621	 -0.113766
211	 -0.779135	 -0.626678	 -0.193472
212	 -0.767599	 -0.673701	 -0.059017
213	 0.006777	 0.165877	 0.666756
214	 0.084169	 0.078713	 0.609595
215	 -0.381349	 -0.115577	 0.926768
216	 -0.338760	 -0.004525	 0.925998
217	 -0.468087	 0.010191	 0.869147
218	 0.174102	 0.099951	 0.800204
219	 0.103797	 0.090915	 0.878940
220	 0.261020	 0.050036	 0.863734
221	 -0.863519	 0.372689	 0.140734
222	 -0.792378	 0.432672	 0.220620
223	 -0.784790	 0.470412	 0.092901
224	 -0.558984	 0.092219	 0.794087
225	 -0.601120	 -0.021137	 0.792831
226	 -0.605173	 0.484258	 0.365680
227	 -0.565090	 0.430287	 0.498318
228	 -0.474996	 0.459131	 0.434247
229	 -0.160504	 0.324675	 -0.269633
230	 -0.029827	 0.222272	 -0.296793
231	 -0.714848	 0.524508	 0.016905
232	 -0.785167	 0.476336	 -0.064356
233	 -0.163206	 0.167855	 -0.003323
234	 -0.297173	 0.350534	 0.043936
235	 -0.159222	 0.123842	 0.150364
236	 0.104323	 0.052461	 -0.231372
237	 0.100911	 0.193471	 -0.367042
238	 0.129566	 -0.058842	 0.534446
239	 0.126392	 -0.170496	 0.455374
240	 0.367342	 -0.202793	 -0.089148
241	 0.387731	 -0.349405	 0.066470
242	 0.498513	 -0.241985	 -0.009606
243	 0.756709	 -0.080515	 0.281858
244	 0.827562	 -0.052532	 0.198280
245	 0.214974	 -0.034268	 0.595007
246	 0.741330	 -0.039050	 0.500657
247	 0.636719	 -0.028798	 0.580619
248	 0.706317	 -0.032036	 0.620744
249	 0.964887	 -0.529675	 0.181116
250	 0.897340	 -0.057910	 0.188245
251	 0.880312	 -0.038725	 0.064273
252	 0.931249	 -0.429389	 0.434971
253	 0.941981	 -0.301519	 0.445061
254	 0.878490	 -0.358541	 0.565351
255	 0.617496	 -0.072117	 -0.747478
256	 0.707792	 -0.150867	 -0.677514
257	 0.892865	 -0.026347	 -0.070630
258	 0.853766	 -0.308298	 -0.484891
259	 0.923750	 -0.257568	 -0.362637
260	 0.911164	 -0.393161	 -0.348773
261	 0.567863	 0.034367	 -0.747590
262	 0.183664	 0.228080	 -0.456122
263	 0.057723	 0.316396	 -0.510880
264	 0.687409	 0.092243	 -0.540272
265	 0.615810	 0.135507	 -0.482131
266	 0.725354	 0.084607	 -0.395500
267	 -0.482315	 0.056813	 -0.844983
268	 -0.356139	 0.051202	 -0.901089
269	 -0.400038	 -0.069020	 -0.897106
270	 -0.015372	 0.370254	 -0.610526
271	 -0.080161	 0.035953	 -0.957521
272	 -0.000055	 0.141418	 -0.921813
273	 0.084288	 0.023900	 -0.954052
274	 -0.059480	 -0.861049	 -0.583620
275	 0.019240	 -0.789226	 -0.673188
276	 0.105290	 -0.868414	 -0.580653
277	 -0.353562	 -0.196575	 -0.907903
278	 -0.479940	 -0.191967	 -0.850200
279	 0.170934	 -0.600645	 -0.814780
280	 0.092999	 -0.477133	 -0.891069
281	 0.250610	 -0.472058	 -0.866977
282	 0.832259	 -0.709174	 -0.164979
283	 0.240803	 -0.884897	 -0.532632
284	 0.162111	 -0.956555	 -0.442868
285	 0.784898	 -0.582476	 -0.429881
286	 0.672061	 -0.629726	 -0.527466
287	 0.727494	 -0.494620	 -0.567823
288	 0.190543	 -1.039835	 0.419383
289	 0.191060	 -0.982662	 0.544748
290	 0.168273	 -1.020464	 -0.311493
291	 0.032155	 -1.003295	 -0.360841
292	 0.446715	 -1.018154	 0.302208
293	 0.456380	 -1.036665	 0.144120
294	 0.577993	 -0.972517	 0.218821
295	 -0.690618	 -0.765652	 0.026653
296	 -0.765203	 -0.676396	 0.104854
297	 -0.100771	 -1.007617	 -0.317320
298	 -0.105296	 -0.944190	 -0.448216
299	 -0.487383	 -0.915486	 0.193955
300	 -0.363979	 -0.993502	 0.124484
301	 -0.347015	 -0.975035	 0.282788
302	 -0.597236	 -0.172183	 0.799457
303	 -0.548343	 -0.301258	 0.813498
304	 -0.461068	 -0.229991	 0.883458
305	 -0.773183	 -0.633718	 0.236773
306	 -0.420738	 -0.557049	 0.789904
307	 -0.480383	 -0.647098	 0.679918
308	 -0.332309	 -0.692990	 0.745673
309	 0.401285	 -0.303458	 0.955577
310	 0.528006	 -0.313237	 0.899859
311	 -0.331181	 -0.240761	 0.943841
312	 0.289778	 -0.525779	 0.934992
313	 0.130473	 -0.527493	 0.954254
314	 0.210299	 -0.647425	 0.888719
315	 0.618357	 -0.390579	 0.834906
316	 0.274287	 -0.916832	 0.631371
317	 0.759668	 -0.541321	 0.653440
318	 0.704535	 -0.670031	 0.620774
319	 0.811983	 -0.618611	 0.523379
320	 -0.688617	 -0.088614	 0.723810
321	 -0.913138	 0.310518	 0.010557
322	 -0.921441	 0.267887	 0.140826
323	 -0.826543	 -0.227067	 0.534662
324	 -0.902664	 -0.149821	 0.412532
325	 -0.877852	 -0.302711	 0.402102
326	 -0.914688	 -0.410990	 -0.117220
327	 -0.864319	 0.380270	 -0.117476
328	 -0.922396	 0.274200	 -0.120428
329	 -0.884570	 -0.290071	 -0.374358
330	 -0.908240	 -0.136098	 -0.389083
331	 -0.835078	 -0.209034	 -0.508014
332	 -0.569759	 0.135404	 -0.772290
333	 -0.793518	 0.447230	 -0.194266
334	 -0.455618	 0.343504	 -0.718792
335	 -0.516229	 0.420348	 -0.605256
336	 -0.376503	 0.424765	 -0.652200
337	 -0.565948	 -0.269510	 -0.779095
338	 -0.192353	 -0.865308	 -0.540604
339	 -0.699605	 -0.424332	 -0.587470
340	 -0.636461	 -0.567990	 -0.547137
341	 -0.748660	 -0.506532	 -0.452904
342	 0.327953	 -0.012080	 0.905583
343	 0.394848	 0.023033	 0.825554
344	 0.173175	 -0.172511	 1.004958
345	 0.251731	 -0.081002	 0.968472
346	 0.112063	 -0.062882	 0.986783
347	 -0.353954	 0.400383	 0.486673
348	 -0.397754	 0.444398	 0.360588
349	 -0.230573	 0.279832	 0.713786
350	 -0.296497	 0.343970	 0.606968
351	 -0.368069	 0.333793	 0.671521
352	 -0.154929	 0.132152	 0.270492
353	 -0.013601	 -0.101765	 0.245251
354	 -0.286619	 0.340234	 0.305880
355	 -0.405916	 0.460228	 0.240669
356	 0.593197	 -0.211318	 0.054230
357	 0.571035	 -0.106242	 -0.100608
358	 0.587821	 -0.241520	 0.339993
359	 0.599002	 -0.262979	 0.205795
360	 0.507000	 -0.357623	 0.291339
361	 0.659512	 -0.043752	 0.715929
362	 0.768371	 -0.082049	 0.634797
363	 0.532214	 -0.009559	 0.780319
364	 0.465052	 0.019499	 0.743254
365	 0.816147	 -0.293644	 0.662131
366	 0.804262	 -0.423326	 0.654334
367	 0.803735	 -0.173452	 0.655591
368	 0.852167	 -0.132589	 0.556649
369	 0.942576	 -0.458405	 -0.223220
370	 0.870484	 -0.516284	 -0.344296
371	 1.012516	 -0.335700	 0.043913
372	 0.991207	 -0.396313	 -0.090363
373	 1.002311	 -0.282146	 -0.091366
374	 0.741555	 0.050618	 -0.262033
375	 0.814597	 0.035066	 -0.321379
376	 0.656776	 0.000893	 -0.184078
377	 0.559158	 0.016471	 -0.248112
378	 0.222025	 0.012182	 -0.930462
379	 0.142138	 -0.097758	 -0.963011
380	 0.367615	 0.173828	 -0.781784
381	 0.299546	 0.107248	 -0.868262
382	 0.233688	 0.197572	 -0.830507
383	 0.311051	 -0.356308	 -0.892060
384	 0.388673	 -0.477962	 -0.817650
385	 0.226780	 -0.225878	 -0.941943
386	 0.088245	 -0.217902	 -0.965097
387	 0.663010	 -0.414597	 -0.671824
388	 0.774311	 -0.370981	 -0.574256
389	 0.530916	 -0.451508	 -0.755091
390	 0.471794	 -0.567876	 -0.728210
391	 0.675928	 -0.916092	 0.141212
392	 0.666287	 -0.898698	 0.298944
393	 0.650678	 -0.882803	 -0.185149
394	 0.670500	 -0.910631	 -0.024525
395	 0.567529	 -0.962486	 -0.100726
396	 -0.218778	 -1.008208	 0.350662
397	 -0.342724	 -0.930106	 0.419282
398	 0.051305	 -1.094179	 0.194873
399	 -0.083863	 -1.064428	 0.273932
400	 -0.087344	 -1.082894	 0.134496
401	 -0.251659	 -0.797101	 0.691405
402	 -0.192448	 -0.706996	 0.801147
403	 -0.303097	 -0.873623	 0.560702
404	 -0.431300	 -0.840361	 0.493637
405	 0.136115	 -0.740663	 0.831296
406	 0.295223	 -0.737316	 0.812643
407	 -0.030867	 -0.730274	 0.827314
408	 -0.111361	 -0.626587	 0.881403
409	 0.837601	 -0.675903	 0.402415
410	 0.892215	 -0.548409	 0.435991
411	 0.760179	 -0.796456	 0.355642
412	 0.662563	 -0.851122	 0.433455
413	 -0.903550	 -0.361206	 0.280191
414	 -0.827383	 -0.438989	 0.403051
415	 -0.983138	 -0.193876	 0.011510
416	 -0.956789	 -0.277329	 0.146209
417	 -0.980115	 -0.141942	 0.144485
418	 -0.776031	 -0.136219	 -0.608715
419	 -0.752908	 -0.289531	 -0.594602
420	 -0.756992	 0.164434	 -0.591402
421	 -0.777352	 0.019692	 -0.607775
422	 -0.837697	 0.091757	 -0.507085
423	 -0.304924	 0.459361	 -0.578561
424	 -0.243353	 0.403287	 -0.693101
425	 -0.398877	 0.516031	 -0.313884
426	 -0.358156	 0.497245	 -0.448701
427	 -0.477118	 0.522591	 -0.400821
428	 -0.772294	 -0.569652	 -0.328845
429	 -0.835590	 -0.426483	 -0.369670
430	 -0.587109	 -0.821762	 -0.209820
431	 -0.687328	 -0.704984	 -0.274146
432	 -0.585064	 -0.767464	 -0.347599
433	 -0.143955	 0.212150	 0.796334
434	 -0.071085	 0.210079	 0.732319
435	 0.249708	 0.066132	 0.728337
436	 0.094227	 0.132043	 0.738370
437	 -0.055844	 -0.040258	 0.985896
438	 -0.197137	 -0.021555	 0.965738
439	 -0.108849	 -0.142888	 1.001888
440	 -0.363304	 0.197127	 0.823365
441	 -0.284166	 0.094381	 0.904031
442	 -0.223718	 0.166870	 0.863084
443	 -0.063897	 0.133994	 0.878750
444	 0.024206	 0.040354	 0.945560
445	 -0.754511	 0.325875	 0.470152
446	 -0.781733	 0.383316	 0.350306
447	 -0.839924	 0.270044	 0.389809
448	 -0.613070	 0.522270	 0.240065
449	 -0.703736	 0.471987	 0.298611
450	 -0.446648	 0.275905	 0.736143
451	 -0.506256	 0.196126	 0.774213
452	 -0.750567	 0.135481	 0.612584
453	 -0.638675	 0.174098	 0.702350
454	 -0.701128	 0.247693	 0.601619
455	 -0.643473	 0.353826	 0.557148
456	 -0.510396	 0.358528	 0.625690
457	 -0.405703	 0.508892	 -0.185241
458	 -0.289317	 0.430722	 -0.231350
459	 -0.022681	 -0.008033	 -0.024891
460	 -0.164057	 0.240068	 -0.135734
461	 -0.531830	 0.532849	 0.165367
462	 -0.627544	 0.546277	 0.095625
463	 -0.613566	 0.547993	 -0.203265
464	 -0.627625	 0.555108	 -0.055891
465	 -0.531635	 0.554560	 -0.119854
466	 -0.421538	 0.500117	 -0.043651
467	 -0.421860	 0.483481	 0.102773
468	 0.120043	 -0.213343	 0.056612
469	 0.113752	 -0.098952	 -0.085997
470	 0.353192	 -0.033903	 -0.233270
471	 0.242498	 -0.102885	 -0.157788
472	 0.376417	 -0.378676	 0.379217
473	 0.256276	 -0.311549	 0.431055
474	 0.376679	 -0.270412	 0.479644
475	 0.124046	 -0.257160	 0.350679
476	 0.122629	 -0.279319	 0.224027
477	 0.255632	 -0.367080	 0.151011
478	 0.388835	 -0.417960	 0.233333
479	 0.583182	 -0.164188	 0.439706
480	 0.674134	 -0.124644	 0.364134
481	 0.826928	 -0.053391	 0.425836
482	 0.755541	 -0.058085	 0.394699
483	 0.379080	 0.016781	 0.691753
484	 0.300917	 -0.005093	 0.646153
485	 0.343815	 -0.125635	 0.565480
486	 0.459896	 -0.171082	 0.517486
487	 0.552437	 -0.082792	 0.543452
488	 0.512690	 -0.013426	 0.646262
489	 1.008542	 -0.297799	 0.178225
490	 0.998208	 -0.409670	 0.179431
491	 0.957153	 -0.482536	 0.313723
492	 0.887774	 -0.097066	 0.428593
493	 0.900406	 -0.075937	 0.312812
494	 0.985628	 -0.138708	 0.046899
495	 0.955130	 -0.104612	 0.182268
496	 0.992247	 -0.180956	 0.178991
497	 0.981035	 -0.240070	 0.311655
498	 0.926821	 -0.183363	 0.442712
499	 0.833917	 -0.057506	 -0.476927
500	 0.780442	 -0.097796	 -0.582506
501	 0.748560	 0.013674	 -0.559446
502	 0.789063	 -0.231801	 -0.587052
503	 0.986994	 -0.161196	 -0.089078
504	 0.950528	 -0.079794	 -0.082943
505	 0.891769	 -0.020722	 -0.209068
506	 0.875029	 -0.028405	 -0.337356
507	 0.911436	 -0.128669	 -0.359288
508	 0.969663	 -0.206070	 -0.226161
509	 0.438989	 0.195052	 -0.683821
510	 0.506932	 0.127647	 -0.725138
511	 0.637048	 0.073300	 -0.649543
512	 0.430374	 0.065627	 -0.326144
513	 0.311859	 0.136876	 -0.392320
514	 0.220992	 0.284834	 -0.668133
515	 0.269742	 0.246350	 -0.540685
516	 0.350143	 0.239547	 -0.613763
517	 0.486816	 0.188100	 -0.556939
518	 0.525886	 0.125134	 -0.406626
519	 -0.239932	 0.258556	 -0.846926
520	 -0.300634	 0.164720	 -0.884164
521	 -0.375765	 0.269622	 -0.806562
522	 -0.134314	 -0.081231	 -0.967589
523	 -0.218040	 0.044533	 -0.939579
524	 0.147514	 0.281357	 -0.764451
525	 0.068960	 0.332869	 -0.693992
526	 -0.090029	 0.375063	 -0.702792
527	 -0.161003	 0.339788	 -0.778561
528	 -0.084600	 0.250700	 -0.860735
529	 0.078785	 0.228945	 -0.854791
530	 -0.144934	 -0.586960	 -0.819126
531	 -0.066240	 -0.692353	 -0.755324
532	 -0.223817	 -0.672999	 -0.736101
533	 0.255846	 -0.693915	 -0.728923
534	 0.097921	 -0.699451	 -0.752862
535	 -0.076871	 -0.209404	 -0.967403
536	 -0.215150	 -0.202996	 -0.948070
537	 -0.367182	 -0.443680	 -0.827438
538	 -0.294917	 -0.327629	 -0.899805
539	 -0.230298	 -0.450590	 -0.873153
540	 -0.072880	 -0.469820	 -0.893198
541	 0.007626	 -0.342045	 -0.943768
542	 0.638833	 -0.826116	 -0.325063
543	 0.741262	 -0.775390	 -0.248296
544	 0.816544	 -0.649410	 -0.302963
545	 0.393131	 -0.696849	 -0.674581
546	 0.320517	 -0.795721	 -0.611960
547	 0.422046	 -0.951552	 -0.326837
548	 0.377473	 -0.884015	 -0.474211
549	 0.502844	 -0.866815	 -0.409474
550	 0.594556	 -0.758565	 -0.472636
551	 0.536872	 -0.669340	 -0.611853
552	 0.186213	 -1.097303	 0.141325
553	 0.189369	 -1.079213	 0.280861
554	 0.446132	 -0.974204	 0.438667
555	 0.324545	 -1.038075	 0.364311
556	 0.430955	 -1.003725	 -0.185246
557	 0.305103	 -1.020803	 -0.250721
558	 0.042724	 -1.087108	 -0.086614
559	 0.175307	 -1.067269	 -0.168467
560	 0.180888	 -1.092833	 -0.026600
561	 0.319353	 -1.078249	 0.059460
562	 0.450857	 -1.031659	 -0.024065
563	 -0.494271	 -0.909368	 -0.123627
564	 -0.597372	 -0.845897	 -0.051350
565	 -0.577942	 -0.830532	 0.270696
566	 -0.594192	 -0.848884	 0.113141
567	 -0.092222	 -1.078928	 -0.033190
568	 -0.096715	 -1.053840	 -0.174745
569	 -0.360500	 -0.914376	 -0.342752
570	 -0.234829	 -0.994681	 -0.262525
571	 -0.358794	 -0.964977	 -0.202494
572	 -0.368096	 -0.990045	 -0.042936
573	 -0.227616	 -1.049940	 0.046216
574	 -0.685273	 -0.445580	 0.624482
575	 -0.625001	 -0.375958	 0.724551
576	 -0.741067	 -0.311033	 0.625419
577	 -0.341211	 -0.479765	 0.874647
578	 -0.488101	 -0.433682	 0.809879
579	 -0.571372	 -0.781191	 0.405326
580	 -0.677737	 -0.715292	 0.324558
581	 -0.763140	 -0.581168	 0.369821
582	 -0.736883	 -0.522415	 0.491885
583	 -0.619997	 -0.588278	 0.592338
584	 -0.532349	 -0.724594	 0.547237
585	 0.121027	 -0.280828	 1.012668
586	 0.261509	 -0.292730	 0.994223
587	 0.428161	 -0.532693	 0.890669
588	 0.348892	 -0.416766	 0.954853
589	 -0.200256	 -0.491785	 0.924740
590	 -0.268544	 -0.370132	 0.943228
591	 -0.189072	 -0.253644	 0.987210
592	 -0.047423	 -0.266099	 1.010091
593	 0.041469	 -0.395614	 0.996221
594	 -0.038649	 -0.515789	 0.950677
595	 0.510864	 -0.617630	 0.810175
596	 0.568889	 -0.507087	 0.831239
597	 0.697688	 -0.469419	 0.750290
598	 0.531352	 -0.895404	 0.516643
599	 0.409021	 -0.914708	 0.578191
600	 0.357346	 -0.833486	 0.706164
601	 0.431807	 -0.740114	 0.763444
602	 0.573377	 -0.712033	 0.703617
603	 0.625732	 -0.792791	 0.573663
604	 -0.832058	 0.069992	 0.528195
605	 -0.769399	 -0.005850	 0.630525
606	 -0.766225	 -0.159339	 0.634702
607	 -0.982056	 0.016127	 0.142959
608	 -0.962159	 0.144650	 0.142045
609	 -0.986092	 0.071538	 0.009553
610	 -0.912119	 0.213033	 0.272486
611	 -0.885318	 0.151738	 0.394460
612	 -0.905173	 0.007450	 0.409978
613	 -0.956236	 -0.065920	 0.277431
614	 -0.981841	 -0.137572	 -0.122527
615	 -0.958894	 -0.273149	 -0.120714
616	 -0.908404	 -0.352832	 -0.251186
617	 -0.888837	 0.168539	 -0.374305
618	 -0.914242	 0.225032	 -0.252468
619	 -0.842884	 0.289838	 -0.368603
620	 -0.963306	 0.150068	 -0.122858
621	 -0.983432	 0.020937	 -0.123359
622	 -0.959402	 -0.056650	 -0.256393
623	 -0.909637	 0.022568	 -0.389139
624	 -0.706663	 0.282345	 -0.580651
625	 -0.646490	 0.213259	 -0.681583
626	 -0.515993	 0.249498	 -0.755121
627	 -0.606679	 0.522411	 -0.334219
628	 -0.705097	 0.496482	 -0.269206
629	 -0.783907	 0.405519	 -0.326149
630	 -0.757992	 0.354313	 -0.447809
631	 -0.647857	 0.395446	 -0.534985
632	 -0.568334	 0.481687	 -0.472531
633	 -0.444832	 -0.526536	 -0.740783
634	 -0.509100	 -0.402564	 -0.768601
635	 -0.641103	 -0.349818	 -0.688906
636	 -0.450314	 -0.822294	 -0.427218
637	 -0.326712	 -0.851692	 -0.487311
638	 -0.279925	 -0.768997	 -0.621994
639	 -0.359281	 -0.663504	 -0.685999
640	 -0.502173	 -0.622115	 -0.627544
641	 -0.550554	 -0.705310	 -0.491859
---------------------------------------------------
