0	0.825195	0.432617
0	1.25781	0
0	1.25781	0
0	1.25781	0
0	1.25781	0
0	1.25781	0
0	1.25781	0
0	1.25781	0
0	1.25781	0
0	1.25781	0
0	1.25781	0
0	1.25781	0
0	1.25781	0
0	1.25781	0
0	1.25781	0
0	1.25781	0
0	1.25781	0
0	1.25781	0
0	1.25781	0
0	1.25781	0
0	1.25781	0.860962
0	2.11877	0
0	2.11877	0
0	2.11877	0
0	2.11877	0
0	2.11877	0
0	2.11877	0
0	2.11877	0
0	2.11877	0
0	2.11877	0
0	2.11877	0
0	2.11877	0
0	2.11877	0
0	2.11877	0
0	2.11877	0
0	2.11877	0
0	2.11877	0
0	2.11877	0
0	2.11877	0
0	2.11877	0
0	2.11877	1.46039
0	3.57916	0
0	3.57916	0
0	3.57916	0
0	3.57916	0
0	3.57916	0
0	3.57916	0
0	3.57916	0
0	3.57916	0
0	3.57916	0
0	3.57916	0
0	3.57916	0
0	3.57916	0
0	3.57916	0
0	3.57916	0
0	3.57916	0
0	3.57916	0
0	3.57916	0
0	3.57916	0
0	3.57916	0
0	3.57916	5.33826
0	8.91742	0
0	8.91742	0
0	8.91742	0
0	8.91742	0
0	8.91742	0
0	8.91742	0
0	8.91742	0
0	8.91742	0
0	8.91742	0
0	8.91742	0
0	8.91742	0
0	8.91742	0
0	8.91742	0
0	8.91742	0
0	8.91742	0
0	8.91742	0
0	8.91742	0
0	8.91742	0
0	8.91742	0
0	8.91742	4.87158
0	13.789	0
0	13.789	0
0	13.789	0
0	13.789	0
0	13.789	0
0	13.789	0
0	13.789	0
0	13.789	0
0	13.789	0
0	13.789	0
0	13.789	0
0	13.789	0
0	13.789	0
0	13.789	0
0	13.789	0
0	13.789	0
0	13.789	0
0	13.789	0
0	13.789	0
0	13.789	5.88287
0	19.6719	0
0	19.6719	0
0	19.6719	0
0	19.6719	0
0	19.6719	0
0	19.6719	0
0	19.6719	0
0	19.6719	0
0	19.6719	0
0	19.6719	0
0	19.6719	0
0	19.6719	0
0	19.6719	0
0	19.6719	0
0	19.6719	0
0	19.6719	0
0	19.6719	0
0	19.6719	0
0	19.6719	0
0	19.6719	4.70721
0	24.3791	0
0	24.3791	0
0	24.3791	0
0	24.3791	0
0	24.3791	0
0	24.3791	0
0	24.3791	0
0	24.3791	0
0	24.3791	0
0	24.3791	0
0	24.3791	0
0	24.3791	0
0	24.3791	0
0	24.3791	0
0	24.3791	0
0	24.3791	0
0	24.3791	0
0	24.3791	0
0	24.3791	0
0	24.3791	3.56049
0	27.9396	0
0	27.9396	0
0	27.9396	0
0	27.9396	0
0	27.9396	0
0	27.9396	0
0	27.9396	0
0	27.9396	0
0	27.9396	0
0	27.9396	0
0	27.9396	0
0	27.9396	0
0	27.9396	0
0	27.9396	0
0	27.9396	0
0	27.9396	0
0	27.9396	0
0	27.9396	0
0	27.9396	0
0	27.9396	3.6701
0	31.6097	0
0	31.6097	0
0	31.6097	0
0	31.6097	0
0	31.6097	0
0	31.6097	0
0	31.6097	0
0	31.6097	0
0	31.6097	0
0	31.6097	0
0	31.6097	0
0	31.6097	0
0	31.6097	0
0	31.6097	0
0	31.6097	0
0	31.6097	0
0	31.6097	0
0	31.6097	0
0	31.6097	0
0	31.6097	2.94531
0	34.555	0
0	34.555	0
0	34.555	0
0	34.555	0
0	34.555	0
0	34.555	0
0	34.555	0
0	34.555	0
0	34.555	0
0	34.555	0
0	34.555	0
0	34.555	0
0	34.555	0
0	34.555	0
0	34.555	0
0	34.555	0
0	34.555	0
0	34.555	0
0	34.555	0
0	34.555	3.09955
0	37.6545	0
0	37.6545	0
0	37.6545	0
0	37.6545	0
0	37.6545	0
0	37.6545	0
0	37.6545	0
0	37.6545	0
0	37.6545	0
0	37.6545	0
0	37.6545	0
0	37.6545	0
0	37.6545	0
0	37.6545	0
0	37.6545	0
0	37.6545	0
0	37.6545	0
0	37.6545	0
0	37.6545	0
0	37.6545	2.30103
0	39.9556	0
0	39.9556	0
0	39.9556	0
0	39.9556	0
0	39.9556	0
0	39.9556	0
0	39.9556	0
0	39.9556	0
0	39.9556	0
0	39.9556	0
0	39.9556	0
0	39.9556	0
0	39.9556	0
0	39.9556	0
0	39.9556	0
0	39.9556	0
0	39.9556	0
0	39.9556	0
0	39.9556	0
0	39.9556	0.732605
0	40.6882	0
0	40.6882	0
0	40.6882	0
0	40.6882	0
0	40.6882	0
0	40.6882	0
0	40.6882	0
0	40.6882	0
0	40.6882	0
0	40.6882	0
0	40.6882	0
0	40.6882	0
0	40.6882	0
0	40.6882	0
0	40.6882	0
0	40.6882	0
0	40.6882	0
0	40.6882	0
0	40.6882	0
0	40.6882	0.494385
0	41.1826	0
0	41.1826	0
0	41.1826	0
0	41.1826	0
0	41.1826	0
0	41.1826	0
0	41.1826	0
0	41.1826	0
0	41.1826	0
0	41.1826	0
0	41.1826	0
0	41.1826	0
0	41.1826	0
0	41.1826	0
0	41.1826	0
0	41.1826	0
0	41.1826	0
0	41.1826	0
0	41.1826	0
0	41.1826	0.468933
0	41.6515	0
0	41.6515	0
0	41.6515	0
0	41.6515	0
0	41.6515	0
0	41.6515	0
0	41.6515	0
0	41.6515	0
0	41.6515	0
0	41.6515	0
0	41.6515	0
0	41.6515	0
0	41.6515	0
0	41.6515	0
0	41.6515	0
0	41.6515	0
0	41.6515	0
0	41.6515	0
0	41.6515	0
0	41.6515	-0.380676
0	41.2708	0
0	41.2708	0
0	41.2708	0
0	41.2708	0
0	41.2708	0
0	41.2708	0
0	41.2708	0
0	41.2708	0
0	41.2708	0
0	41.2708	0
0	41.2708	0
0	41.2708	0
0	41.2708	0
0	41.2708	0
0	41.2708	0
0	41.2708	0
0	41.2708	0
0	41.2708	0
0	41.2708	0
0	41.2708	-1.33447
0	39.9363	0
0	39.9363	0
0	39.9363	0
0	39.9363	0
0	39.9363	0
0	39.9363	0
0	39.9363	0
0	39.9363	0
0	39.9363	0
0	39.9363	0
0	39.9363	0
0	39.9363	0
0	39.9363	0
0	39.9363	0
0	39.9363	0
0	39.9363	0
0	39.9363	0
0	39.9363	0
0	39.9363	0
0	39.9363	-1.07715
0	38.8592	0
0	38.8592	0
0	38.8592	0
0	38.8592	0
0	38.8592	0
0	38.8592	0
0	38.8592	0
0	38.8592	0
0	38.8592	0
0	38.8592	0
0	38.8592	0
0	38.8592	0
0	38.8592	0
0	38.8592	0
0	38.8592	0
0	38.8592	0
0	38.8592	0
0	38.8592	0
0	38.8592	0
0	38.8592	-1.97009
0	36.8891	0
0	36.8891	0
0	36.8891	0
0	36.8891	0
0	36.8891	0
0	36.8891	0
0	36.8891	0
0	36.8891	0
0	36.8891	0
0	36.8891	0
0	36.8891	0
0	36.8891	0
0	36.8891	0
0	36.8891	0
0	36.8891	0
0	36.8891	0
0	36.8891	0
0	36.8891	0
0	36.8891	0
0	36.8891	-2.72083
0	34.1683	0
0	34.1683	0
0	34.1683	0
0	34.1683	0
0	34.1683	0
0	34.1683	0
0	34.1683	0
0	34.1683	0
0	34.1683	0
0	34.1683	0
0	34.1683	0
0	34.1683	0
0	34.1683	0
0	34.1683	0
0	34.1683	0
0	34.1683	0
0	34.1683	0
0	34.1683	0
0	34.1683	0
0	34.1683	-3.1377
0	31.0306	0
0	31.0306	0
0	31.0306	0
0	31.0306	0
0	31.0306	0
0	31.0306	0
0	31.0306	0
0	31.0306	0
0	31.0306	0
0	31.0306	0
0	31.0306	0
0	31.0306	0
0	31.0306	0
0	31.0306	0
0	31.0306	0
0	31.0306	0
0	31.0306	0
0	31.0306	0
0	31.0306	0
0	31.0306	-3.01532
0	28.0153	0
0	28.0153	0
0	28.0153	0
0	28.0153	0
0	28.0153	0
0	28.0153	0
0	28.0153	0
0	28.0153	0
0	28.0153	0
0	28.0153	0
0	28.0153	0
0	28.0153	0
0	28.0153	0
0	28.0153	0
0	28.0153	0
0	28.0153	0
0	28.0153	0
0	28.0153	0
0	28.0153	0
0	28.0153	-3.36133
0	24.6539	0
0	24.6539	0
0	24.6539	0
0	24.6539	0
0	24.6539	0
0	24.6539	0
0	24.6539	0
0	24.6539	0
0	24.6539	0
0	24.6539	0
0	24.6539	0
0	24.6539	0
0	24.6539	0
0	24.6539	0
0	24.6539	0
0	24.6539	0
0	24.6539	0
0	24.6539	0
0	24.6539	0
0	24.6539	-3.2757
0	21.3782	0
0	21.3782	0
0	21.3782	0
0	21.3782	0
0	21.3782	0
0	21.3782	0
0	21.3782	0
0	21.3782	0
0	21.3782	0
0	21.3782	0
0	21.3782	0
0	21.3782	0
0	21.3782	0
0	21.3782	0
0	21.3782	0
0	21.3782	0
0	21.3782	0
0	21.3782	0
0	21.3782	0
0	21.3782	-1.22986
0	20.1484	0
0	20.1484	0
0	20.1484	0
0	20.1484	0
0	20.1484	0
0	20.1484	0
0	20.1484	0
0	20.1484	0
0	20.1484	0
0	20.1484	0
0	20.1484	0
0	20.1484	0
0	20.1484	0
0	20.1484	0
0	20.1484	0
0	20.1484	0
0	20.1484	0
0	20.1484	0
0	20.1484	0
0	20.1484	-0.863647
0	19.2847	0
0	19.2847	0
0	19.2847	0
0	19.2847	0
0	19.2847	0
0	19.2847	0
0	19.2847	0
0	19.2847	0
0	19.2847	0
0	19.2847	0
0	19.2847	0
0	19.2847	0
0	19.2847	0
0	19.2847	0
0	19.2847	0
0	19.2847	0
0	19.2847	0
0	19.2847	0
0	19.2847	0
0	19.2847	-1.28876
0	17.996	0
0	17.996	0
0	17.996	0
0	17.996	0
0	17.996	0
0	17.996	0
0	17.996	0
0	17.996	0
0	17.996	0
0	17.996	0
0	17.996	0
0	17.996	0
0	17.996	0
0	17.996	0
0	17.996	0
0	17.996	0
0	17.996	0
0	17.996	0
0	17.996	0
0	17.996	-1.41699
0	16.579	0
0	16.579	0
0	16.579	0
0	16.579	0
0	16.579	0
0	16.579	0
0	16.579	0
0	16.579	0
0	16.579	0
0	16.579	0
0	16.579	0
0	16.579	0
0	16.579	0
0	16.579	0
0	16.579	0
0	16.579	0
0	16.579	0
0	16.579	0
0	16.579	0
0	16.579	-1.44733
0	15.1317	0
0	15.1317	0
0	15.1317	0
0	15.1317	0
0	15.1317	0
0	15.1317	0
0	15.1317	0
0	15.1317	0
0	15.1317	0
0	15.1317	0
0	15.1317	0
0	15.1317	0
0	15.1317	0
0	15.1317	0
0	15.1317	0
0	15.1317	0
0	15.1317	0
0	15.1317	0
0	15.1317	0
0	15.1317	-1.61975
0	13.5119	0
0	13.5119	0
0	13.5119	0
0	13.5119	0
0	13.5119	0
0	13.5119	0
0	13.5119	0
0	13.5119	0
0	13.5119	0
0	13.5119	0
0	13.5119	0
0	13.5119	0
0	13.5119	0
0	13.5119	0
0	13.5119	0
0	13.5119	0
0	13.5119	0
0	13.5119	0
0	13.5119	0
0	13.5119	-1.15637
0	12.3555	0
0	12.3555	0
0	12.3555	0
0	12.3555	0
0	12.3555	0
0	12.3555	0
0	12.3555	0
0	12.3555	0
0	12.3555	0
0	12.3555	0
0	12.3555	0
0	12.3555	0
0	12.3555	0
0	12.3555	0
0	12.3555	0
0	12.3555	0
0	12.3555	0
0	12.3555	0
0	12.3555	0
0	12.3555	-0.610107
0	11.7454	0
0	11.7454	0
0	11.7454	0
0	11.7454	0
0	11.7454	0
0	11.7454	0
0	11.7454	0
0	11.7454	0
0	11.7454	0
0	11.7454	0
0	11.7454	0
0	11.7454	0
0	11.7454	0
0	11.7454	0
0	11.7454	0
0	11.7454	0
0	11.7454	0
0	11.7454	0
0	11.7454	0
0	11.7454	-1.61853
0	10.1269	0
0	10.1269	0
0	10.1269	0
0	10.1269	0
0	10.1269	0
0	10.1269	0
0	10.1269	0
0	10.1269	0
0	10.1269	0
0	10.1269	0
0	10.1269	0
0	10.1269	0
0	10.1269	0
0	10.1269	0
0	10.1269	0
0	10.1269	0
0	10.1269	0
0	10.1269	0
0	10.1269	0
0	10.1269	-1.5896
0	8.53729	0
0	8.53729	0
0	8.53729	0
0	8.53729	0
0	8.53729	0
0	8.53729	0
0	8.53729	0
0	8.53729	0
0	8.53729	0
0	8.53729	0
0	8.53729	0
0	8.53729	0
0	8.53729	0
0	8.53729	0
0	8.53729	0
0	8.53729	0
0	8.53729	0
0	8.53729	0
0	8.53729	0
0	8.53729	-0.812927
0	7.72437	0
0	7.72437	0
0	7.72437	0
0	7.72437	0
0	7.72437	0
0	7.72437	0
0	7.72437	0
0	7.72437	0
0	7.72437	0
0	7.72437	0
0	7.72437	0
0	7.72437	0
0	7.72437	0
0	7.72437	0
0	7.72437	0
0	7.72437	0
0	7.72437	0
0	7.72437	0
0	7.72437	0
0	7.72437	-1.59363
0	6.13074	0
0	6.13074	0
0	6.13074	0
0	6.13074	0
0	6.13074	0
0	6.13074	0
0	6.13074	0
0	6.13074	0
0	6.13074	0
0	6.13074	0
0	6.13074	0
0	6.13074	0
0	6.13074	0
0	6.13074	0
0	6.13074	0
0	6.13074	0
0	6.13074	0
0	6.13074	0
0	6.13074	0
0	6.13074	1.22412
0	7.35486	0
0	7.35486	0
0	7.35486	0
0	7.35486	0
0	7.35486	0
0	7.35486	0
0	7.35486	0
0	7.35486	0
0	7.35486	0
0	7.35486	0
0	7.35486	0
0	7.35486	0
0	7.35486	0
0	7.35486	0
0	7.35486	0
0	7.35486	0
0	7.35486	0
0	7.35486	0
0	7.35486	0
0	7.35486	-0.472473
0	6.88239	0
0	6.88239	0
0	6.88239	0
0	6.88239	0
0	6.88239	0
0	6.88239	0
0	6.88239	0
0	6.88239	0
0	6.88239	0
0	6.88239	0
0	6.88239	0
0	6.88239	0
0	6.88239	0
0	6.88239	0
0	6.88239	0
0	6.88239	0
0	6.88239	0
0	6.88239	0
0	6.88239	0
0	6.88239	-0.853088
0	6.0293	0
0	6.0293	0
0	6.0293	0
0	6.0293	0
0	6.0293	0
0	6.0293	0
0	6.0293	0
0	6.0293	0
0	6.0293	0
0	6.0293	0
0	6.0293	0
0	6.0293	0
0	6.0293	0
0	6.0293	0
0	6.0293	0
0	6.0293	0
0	6.0293	0
0	6.0293	0
0	6.0293	0
0	6.0293	1.30078
0	7.33008	0
0	7.33008	0
0	7.33008	0
0	7.33008	0
0	7.33008	0
0	7.33008	0
0	7.33008	0
0	7.33008	0
0	7.33008	0
0	7.33008	0
0	7.33008	0
0	7.33008	0
0	7.33008	0
0	7.33008	0
0	7.33008	0
0	7.33008	0
0	7.33008	0
0	7.33008	0
0	7.33008	0
0	7.33008	-0.610474
0	6.7196	0
0	6.7196	0
0	6.7196	0
0	6.7196	0
0	6.7196	0
0	6.7196	0
0	6.7196	0
0	6.7196	0
0	6.7196	0
0	6.7196	0
0	6.7196	0
0	6.7196	0
0	6.7196	0
0	6.7196	0
0	6.7196	0
0	6.7196	0
0	6.7196	0
0	6.7196	0
0	6.7196	0
0	6.7196	-1.92438
0	4.79523	0
0	4.79523	0
0	4.79523	0
0	4.79523	0
0	4.79523	0
0	4.79523	0
0	4.79523	0
0	4.79523	0
0	4.79523	0
0	4.79523	0
0	4.79523	0
0	4.79523	0
0	4.79523	0
0	4.79523	0
0	4.79523	0
0	4.79523	0
0	4.79523	0
0	4.79523	0
0	4.79523	0
0	4.79523	-0.494019
0	4.30121	0
0	4.30121	0
0	4.30121	0
0	4.30121	0
0	4.30121	0
0	4.30121	0
0	4.30121	0
0	4.30121	0
0	4.30121	0
0	4.30121	0
0	4.30121	0
0	4.30121	0
0	4.30121	0
0	4.30121	0
0	4.30121	0
0	4.30121	0
0	4.30121	0
0	4.30121	0
0	4.30121	0
0	4.30121	0.590942
0	4.89215	0
0	4.89215	0
0	4.89215	0
0	4.89215	0
0	4.89215	0
0	4.89215	0
0	4.89215	0
0	4.89215	0
0	4.89215	0
0	4.89215	0
0	4.89215	0
0	4.89215	0
0	4.89215	0
0	4.89215	0
0	4.89215	0
0	4.89215	0
0	4.89215	0
0	4.89215	0
0	4.89215	0
0	4.89215	-0.74292
0	4.14923	0
0	4.14923	0
0	4.14923	0
0	4.14923	0
0	4.14923	0
0	4.14923	0
0	4.14923	0
0	4.14923	0
0	4.14923	0
0	4.14923	0
0	4.14923	0
0	4.14923	0
0	4.14923	0
0	4.14923	0
0	4.14923	0
0	4.14923	0
0	4.14923	0
0	4.14923	0
0	4.14923	0
0	4.14923	0.435791
0	4.58502	0
0	4.58502	0
0	4.58502	0
0	4.58502	0
0	4.58502	0
0	4.58502	0
0	4.58502	0
0	4.58502	0
0	4.58502	0
0	4.58502	0
0	4.58502	0
0	4.58502	0
0	4.58502	0
0	4.58502	0
0	4.58502	0
0	4.58502	0
0	4.58502	0
0	4.58502	0
0	4.58502	0
0	4.58502	-0.0751343
0	4.50989	0
0	4.50989	0
0	4.50989	0
0	4.50989	0
0	4.50989	0
0	4.50989	0
0	4.50989	0
0	4.50989	0
0	4.50989	0
0	4.50989	0
0	4.50989	0
0	4.50989	0
0	4.50989	0
0	4.50989	0
0	4.50989	0
0	4.50989	0
0	4.50989	0
0	4.50989	0
0	4.50989	0
0	4.50989	0.12561
0	4.6355	0
0	4.6355	0
0	4.6355	0
0	4.6355	0
0	4.6355	0
0	4.6355	0
0	4.6355	0
0	4.6355	0
0	4.6355	0
0	4.6355	0
0	4.6355	0
0	4.6355	0
0	4.6355	0
0	4.6355	0
0	4.6355	0
0	4.6355	0
0	4.6355	0
0	4.6355	0
0	4.6355	0
0	4.6355	1.11652
0	5.75201	0
0	5.75201	0
0	5.75201	0
0	5.75201	0
0	5.75201	0
0	5.75201	0
0	5.75201	0
0	5.75201	0
0	5.75201	0
0	5.75201	0
0	5.75201	0
0	5.75201	0
0	5.75201	0
0	5.75201	0
0	5.75201	0
0	5.75201	0
0	5.75201	0
0	5.75201	0
0	5.75201	0
0	5.75201	-0.511719
0	5.2403	0
0	5.2403	0
0	5.2403	0
0	5.2403	0
0	5.2403	0
0	5.2403	0
0	5.2403	0
0	5.2403	0
0	5.2403	0
0	5.2403	0
0	5.2403	0
0	5.2403	0
0	5.2403	0
0	5.2403	0
0	5.2403	0
0	5.2403	0
0	5.2403	0
0	5.2403	0
0	5.2403	0
0	5.2403	0.878662
0	6.11896	0
0	6.11896	0
0	6.11896	0
0	6.11896	0
0	6.11896	0
0	6.11896	0
0	6.11896	0
0	6.11896	0
0	6.11896	0
0	6.11896	0
0	6.11896	0
0	6.11896	0
0	6.11896	0
0	6.11896	0
0	6.11896	0
0	6.11896	0
0	6.11896	0
0	6.11896	0
0	6.11896	0
0	6.11896	-0.216492
0	5.90247	0
0	5.90247	0
0	5.90247	0
0	5.90247	0
0	5.90247	0
0	5.90247	0
0	5.90247	0
0	5.90247	0
0	5.90247	0
0	5.90247	0
0	5.90247	0
0	5.90247	0
0	5.90247	0
0	5.90247	0
0	5.90247	0
0	5.90247	0
0	5.90247	0
0	5.90247	0
0	5.90247	0
0	5.90247	-0.186462
0	5.716	0
0	5.716	0
0	5.716	0
0	5.716	0
0	5.716	0
0	5.716	0
0	5.716	0
0	5.716	0
0	5.716	0
0	5.716	0
0	5.716	0
0	5.716	0
0	5.716	0
0	5.716	0
0	5.716	0
0	5.716	0
0	5.716	0
0	5.716	0
0	5.716	0
0	5.716	-0.520813
0	5.19519	0
0	5.19519	0
0	5.19519	0
0	5.19519	0
0	5.19519	0
0	5.19519	0
0	5.19519	0
0	5.19519	0
0	5.19519	0
0	5.19519	0
0	5.19519	0
0	5.19519	0
0	5.19519	0
0	5.19519	0
0	5.19519	0
0	5.19519	0
0	5.19519	0
0	5.19519	0
0	5.19519	0
0	5.19519	-3.30743
0	1.88776	0
0	1.88776	0
0	1.88776	0
0	1.88776	0
0	1.88776	0
0	1.88776	0
0	1.88776	0
0	1.88776	0
0	1.88776	0
0	1.88776	0
0	1.88776	0
0	1.88776	0
0	1.88776	0
0	1.88776	0
0	1.88776	0
0	1.88776	0
0	1.88776	0
0	1.88776	0
0	1.88776	0
0	-0.574768	-3.38086
0	-3.95563	0
0	-3.95563	0
0	-3.95563	0
0	-3.95563	0
0	-3.95563	0
0	-3.95563	0
0	-3.95563	0
0	-3.95563	0
0	-3.95563	0
0	-3.95563	0
0	-3.95563	0
0	-3.95563	0
0	-3.95563	0
0	-3.95563	0
0	-3.95563	0
0	-3.95563	0
0	-3.95563	0
0	-3.95563	0
0	-3.95563	0
0	-3.95563	-3.6485
0	-7.60413	0
0	-7.60413	0
0	-7.60413	0
0	-7.60413	0
0	-7.60413	0
0	-7.60413	0
0	-7.60413	0
0	-7.60413	0
0	-7.60413	0
0	-7.60413	0
0	-7.60413	0
0	-7.60413	0
0	-7.60413	0
0	-7.60413	0
0	-7.60413	0
0	-7.60413	0
0	-7.60413	0
0	-7.60413	0
0	-7.60413	0
0	-7.60413	-3.5188
0	-11.1229	0
0	-11.1229	0
0	-11.1229	0
0	-11.1229	0
0	-11.1229	0
0	-11.1229	0
0	-11.1229	0
0	-11.1229	0
0	-11.1229	0
0	-11.1229	0
0	-11.1229	0
0	-11.1229	0
0	-11.1229	0
0	-11.1229	0
0	-11.1229	0
0	-11.1229	0
0	-11.1229	0
0	-11.1229	0
0	-11.1229	0
0	-11.1229	-5.53113
0	-16.6541	0
0	-16.6541	0
0	-16.6541	0
0	-16.6541	0
0	-16.6541	0
0	-16.6541	0
0	-16.6541	0
0	-16.6541	0
0	-16.6541	0
0	-16.6541	0
0	-16.6541	0
0	-16.6541	0
0	-16.6541	0
0	-16.6541	0
0	-16.6541	0
0	-16.6541	0
0	-16.6541	0
0	-16.6541	0
0	-16.6541	0
0	-16.6541	-1.63635
0	-18.2904	0
0	-18.2904	0
0	-18.2904	0
0	-18.2904	0
0	-18.2904	0
0	-18.2904	0
0	-18.2904	0
0	-18.2904	0
0	-18.2904	0
0	-18.2904	0
0	-18.2904	0
0	-18.2904	0
0	-18.2904	0
0	-18.2904	0
0	-18.2904	0
0	-18.2904	0
0	-18.2904	0
0	-18.2904	0
0	-18.2904	0
0	-18.2904	-1.90601
0	-20.1964	0
0	-20.1964	0
0	-20.1964	0
0	-20.1964	0
0	-20.1964	0
0	-20.1964	0
0	-20.1964	0
0	-20.1964	0
0	-20.1964	0
0	-20.1964	0
0	-20.1964	0
0	-20.1964	0
0	-20.1964	0
0	-20.1964	0
0	-20.1964	0
0	-20.1964	0
0	-20.1964	0
0	-20.1964	0
0	-20.1964	0
0	-20.1964	2.12585
0	-18.0706	0
0	-18.0706	0
0	-18.0706	0
0	-18.0706	0
0	-18.0706	0
0	-18.0706	0
0	-18.0706	0
0	-18.0706	0
0	-18.0706	0
0	-18.0706	0
0	-18.0706	0
0	-18.0706	0
0	-18.0706	0
0	-18.0706	0
0	-18.0706	0
0	-18.0706	0
0	-18.0706	0
0	-18.0706	0
0	-18.0706	0
0	-18.0706	2.48431
0	-15.5862	0
0	-15.5862	0
0	-15.5862	0
0	-15.5862	0
0	-15.5862	0
0	-15.5862	0
0	-15.5862	0
0	-15.5862	0
0	-15.5862	0
0	-15.5862	0
0	-15.5862	0
0	-15.5862	0
0	-15.5862	0
0	-15.5862	0
0	-15.5862	0
0	-15.5862	0
0	-15.5862	0
0	-15.5862	0
0	-15.5862	0
0	-15.5862	3.21039
0	-12.3759	0
0	-12.3759	0
0	-12.3759	0
0	-12.3759	0
0	-12.3759	0
0	-12.3759	0
0	-12.3759	0
0	-12.3759	0
0	-12.3759	0
0	-12.3759	0
0	-12.3759	0
0	-12.3759	0
0	-12.3759	0
0	-12.3759	0
0	-12.3759	0
0	-12.3759	0
0	-12.3759	0
0	-12.3759	0
0	-12.3759	0
0	-12.3759	2.38922
0	-9.98663	0
0	-9.98663	0
0	-9.98663	0
0	-9.98663	0
0	-9.98663	0
0	-9.98663	0
0	-9.98663	0
0	-9.98663	0
0	-9.98663	0
0	-9.98663	0
0	-9.98663	0
0	-9.98663	0
0	-9.98663	0
0	-9.98663	0
0	-9.98663	0
0	-9.98663	0
0	-9.98663	0
0	-9.98663	0
0	-9.98663	0
0	-9.98663	0.22876
0	-9.75787	0
0	-9.75787	0
0	-9.75787	0
0	-9.75787	0
0	-9.75787	0
0	-9.75787	0
0	-9.75787	0
0	-9.75787	0
0	-9.75787	0
0	-9.75787	0
0	-9.75787	0
0	-9.75787	0
0	-9.75787	0
0	-9.75787	0
0	-9.75787	0
0	-9.75787	0
0	-9.75787	0
0	-9.75787	0
0	-9.75787	0
0	-9.75787	0.518799
0	-9.23907	0
0	-9.23907	0
0	-9.23907	0
0	-9.23907	0
0	-9.23907	0
0	-9.23907	0
0	-9.23907	0
0	-9.23907	0
0	-9.23907	0
0	-9.23907	0
0	-9.23907	0
0	-9.23907	0
0	-9.23907	0
0	-9.23907	0
0	-9.23907	0
0	-9.23907	0
0	-9.23907	0
0	-9.23907	0
0	-9.23907	0
-9	0	0
-9	0	0
-9	0	0
-9	0	0
-9	0	0
-9	0	0
-9	0	0
-9	0	0
-9	0	0
-9	0	0
-9	0	0
-9	0	0
-9	0	0
-9	0	0
-9	0	0
-9	0	0
-9	0	0
-9	0	0
-9	0	0
-9	0	0
-9	0	0
-9	0	0
-9	0	0
-9	0	0
-9	0	0
-9	0	0
-9	0	0
-9	0	0
-9	0	0
-9	0	0
-9	0	0
-9	0	0
-9	0	0
-9	0	0
-9	0	0
-9	0	0
-9	0	0
-9	0	0
-9	0	0
-9	0	0
-9	0	0
-9	0	0
-9	0	0
-9	0	0
-9	0	0
-9	0	0
-9	0	0
-9	0	0
-9	0	0
-9	0	0
-9	0	0
-9	0	0
-9	0	0
-9	0	0
-9	0	0
-9	0	0
-9	0	0
-9	0	0
-9	0	0
-9	0	0
-9	0	0
-9	0	0
-9	0	0
-9	0	0
-9	0	0
-9	0	0
-9	0	0
-9	0	0
-9	0	0
-9	0	0
-9	0	0
-9	0	0
-9	0	0
-9	0	0
-9	0	0
-9	0	0
-9	0	0
-9	0	0
-9	0	0
-9	0	0
-9	0	0
-9	0	0
-9	0	0
-9	0	0
-9	0	0
-9	0	0
-9	0	0
-9	0	0
-9	0	0
-9	0	0
-9	0	0
-9	0	0
-9	0	0
-9	0	0
-9	0	0
-9	0	0
-9	0	0
-9	0	0
-9	0	0
-9	0	0
-9	0	0
-9	0	0
-9	0	0
-9	0	0
-9	0	0
-9	0	0
-9	0	0
-9	0	0
-9	0	0
-9	0	0
-9	0	0
-9	0	0
-9	0	0
-9	0	0
-9	0	0
-9	0	0
-9	0	0
-9	0	0
-9	0	0
-9	0	0
-9	0	0
-9	0	0
-9	0	0
-9	0	0
-9	0	0
-9	0	0
-9	0	0
-9	0	0
-9	0	0
-9	0	0
-9	0	0
-9	0	0
-9	0	0
-9	0	0
-9	0	0
-9	0	0
-9	0	0
-9	0	0
-9	0	0
-9	0	0
-9	0	0
-9	0	0
-9	0	0
-9	0	0
-9	0	0
-9	0	0
-9	0	0
-9	0	0
-9	0	0
-9	0	0
-9	0	0
-9	0	0
-9	0	0
-9	0	0
-9	0	0
-9	0	0
-9	0	0
-9	0	0
-9	0	0
-9	0	0
-9	0	0
-9	0	0
-9	0	0
-9	0	0
-9	0	0
-9	0	0
-9	0	0
-9	0	0
-9	0	0
-9	0	0
-9	0	0
-9	0	0
-9	0	0
-9	0	0
-9	0	0
-9	0	0
-9	0	0
-9	0	0
-9	0	0
-9	0	0
-9	0	0
-9	0	0
-9	0	0
-9	0	0
-9	0	0
-9	0	0
-9	0	0
-9	0	0
-9	0	0
-9	0	0
-9	0	0
-9	0	0
-9	0	0
-9	0	0
-9	0	0
-9	0	0
-9	0	0
-9	0	0
-9	0	0
-9	0	0
-9	0	0
-9	0	0
-9	0	0
-9	0	0
-9	0	0
-9	0	0
-9	0	0
-9	0	0
-9	0	0
-9	0	0
-9	0	0
-9	0	0
-9	0	0
-9	0	0
-9	0	0
-9	0	0
-9	0	0
-9	0	0
-9	0	0
-9	0	0
-9	0	0
-9	0	0
-9	0	0
-9	0	0
-9	0	0
-9	0	0
-9	0	0
-9	0	0
-9	0	0
-9	0	0
-9	0	0
-9	0	0
-9	0	0
-9	0	0
-9	0	0
-9	0	0
-9	0	0
-9	0	0
-9	0	0
-9	0	0
-9	0	3.9173
-9	3.9173	0
-9	3.9173	0
-9	3.9173	0
-9	3.9173	0
-9	3.9173	0
-9	3.9173	0
-9	3.9173	0
-9	3.9173	0
-9	3.9173	0
-9	3.9173	0
-9	3.9173	0
-9	3.9173	0
-9	3.9173	0
-9	3.9173	0
-9	3.9173	0
-9	3.9173	0
-9	3.9173	0
-9	3.9173	0
-9	3.9173	0
-9	3.9173	-0.222595
-9	3.6947	0
-9	3.6947	0
-9	3.6947	0
-9	3.6947	0
-9	3.6947	0
-9	3.6947	0
-9	3.6947	0
-9	3.6947	0
-9	3.6947	0
-9	3.6947	0
-9	3.6947	0
-9	3.6947	0
-9	3.6947	0
-9	3.6947	0
-9	3.6947	0
-9	3.6947	0
-9	3.6947	0
-9	3.6947	0
-9	3.6947	0
-9	3.6947	-0.958374
-9	2.73633	0
-9	2.73633	0
-9	2.73633	0
-9	2.73633	0
-9	2.73633	0
-9	2.73633	0
-9	2.73633	0
-9	2.73633	0
-9	2.73633	0
-9	2.73633	0
-9	2.73633	0
-9	2.73633	0
-9	2.73633	0
-9	2.73633	0
-9	2.73633	0
-9	2.73633	0
-9	2.73633	0
-9	2.73633	0
-9	2.73633	0
-9	2.73633	-1.34296
-9	1.39337	0
-9	1.39337	0
-9	1.39337	0
-9	1.39337	0
-9	1.39337	0
-9	1.39337	0
-9	1.39337	0
-9	1.39337	0
-9	1.39337	0
-9	1.39337	0
-9	1.39337	0
-9	1.39337	0
-9	1.39337	0
-9	1.39337	0
-9	1.39337	0
-9	1.39337	0
-9	1.39337	0
-9	1.39337	0
-9	1.39337	0
-9	1.39337	-1.6806
-9	-0.287231	0
-9	-0.287231	0
-9	-0.287231	0
-9	-0.287231	0
-9	-0.287231	0
-9	-0.287231	0
-9	-0.287231	0
-9	-0.287231	0
-9	-0.287231	0
-9	-0.287231	0
-9	-0.287231	0
-9	-0.287231	0
-9	-0.287231	0
-9	-0.287231	0
-9	-0.287231	0
-9	-0.287231	0
-9	-0.287231	0
-9	-0.287231	0
-9	-0.287231	0
-9	-0.287231	0.608215
-9	0.320984	0
-9	0.320984	0
-9	0.320984	0
-9	0.320984	0
-9	0.320984	0
-9	0.320984	0
-9	0.320984	0
-9	0.320984	0
-9	0.320984	0
-9	0.320984	0
-9	0.320984	0
-9	0.320984	0
-9	0.320984	0
-9	0.320984	0
-9	0.320984	0
-9	0.320984	0
-9	0.320984	0
-9	0.320984	0
-9	0.320984	0
-9	0.320984	0.466492
-9	0.787476	0
-9	0.787476	0
-9	0.787476	0
-9	0.787476	0
-9	0.787476	0
-9	0.787476	0
-9	0.787476	0
-9	0.787476	0
-9	0.787476	0
-9	0.787476	0
-9	0.787476	0
-9	0.787476	0
-9	0.787476	0
-9	0.787476	0
-9	0.787476	0
-9	0.787476	0
-9	0.787476	0
-9	0.787476	0
-9	0.787476	0
-9	0.787476	1.26941
-9	2.05688	0
-9	2.05688	0
-9	2.05688	0
-9	2.05688	0
-9	2.05688	0
-9	2.05688	0
-9	2.05688	0
-9	2.05688	0
-9	2.05688	0
-9	2.05688	0
-9	2.05688	0
-9	2.05688	0
-9	2.05688	0
-9	2.05688	0
-9	2.05688	0
-9	2.05688	0
-9	2.05688	0
-9	2.05688	0
-9	2.05688	0
-9	2.05688	2.91772
-9	4.97461	0
-9	4.97461	0
-9	4.97461	0
-9	4.97461	0
-9	4.97461	0
-9	4.97461	0
-9	4.97461	0
-9	4.97461	0
-9	4.97461	0
-9	4.97461	0
-9	4.97461	0
-9	4.97461	0
-9	4.97461	0
-9	4.97461	0
-9	4.97461	0
-9	4.97461	0
-9	4.97461	0
-9	4.97461	0
-9	4.97461	0
-9	4.97461	2.95966
-9	7.93427	0
-9	7.93427	0
-9	7.93427	0
-9	7.93427	0
-9	7.93427	0
-9	7.93427	0
-9	7.93427	0
-9	7.93427	0
-9	7.93427	0
-9	7.93427	0
-9	7.93427	0
-9	7.93427	0
-9	7.93427	0
-9	7.93427	0
-9	7.93427	0
-9	7.93427	0
-9	7.93427	0
-9	7.93427	0
-9	7.93427	0
-9	7.93427	2.25372
-9	10.188	0
-9	10.188	0
-9	10.188	0
-9	10.188	0
-9	10.188	0
-9	10.188	0
-9	10.188	0
-9	10.188	0
-9	10.188	0
-9	10.188	0
-9	10.188	0
-9	10.188	0
-9	10.188	0
-9	10.188	0
-9	10.188	0
-9	10.188	0
-9	10.188	0
-9	10.188	0
-9	10.188	0
-9	10.188	2.51074
-9	12.6987	0
-9	12.6987	0
-9	12.6987	0
-9	12.6987	0
-9	12.6987	0
-9	12.6987	0
-9	12.6987	0
-9	12.6987	0
-9	12.6987	0
-9	12.6987	0
-9	12.6987	0
-9	12.6987	0
-9	12.6987	0
-9	12.6987	0
-9	12.6987	0
-9	12.6987	0
-9	12.6987	0
-9	12.6987	0
-9	12.6987	0
-9	12.6987	3.00269
-9	15.7014	0
-9	15.7014	0
-9	15.7014	0
-9	15.7014	0
-9	15.7014	0
-9	15.7014	0
-9	15.7014	0
-9	15.7014	0
-9	15.7014	0
-9	15.7014	0
-9	15.7014	0
-9	15.7014	0
-9	15.7014	0
-9	15.7014	0
-9	15.7014	0
-9	15.7014	0
-9	15.7014	0
-9	15.7014	0
-9	15.7014	0
-9	15.7014	1.65802
-9	17.3594	0
-9	17.3594	0
-9	17.3594	0
-9	17.3594	0
-9	17.3594	0
-9	17.3594	0
-9	17.3594	0
-9	17.3594	0
-9	17.3594	0
-9	17.3594	0
-9	17.3594	0
-9	17.3594	0
-9	17.3594	0
-9	17.3594	0
-9	17.3594	0
-9	17.3594	0
-9	17.3594	0
-9	17.3594	0
-9	17.3594	0
-9	17.3594	3.82538
-9	21.1848	0
-9	21.1848	0
-9	21.1848	0
-9	21.1848	0
-9	21.1848	0
-9	21.1848	0
-9	21.1848	0
-9	21.1848	0
-9	21.1848	0
-9	21.1848	0
-9	21.1848	0
-9	21.1848	0
-9	21.1848	0
-9	21.1848	0
-9	21.1848	0
-9	21.1848	0
-9	21.1848	0
-9	21.1848	0
-9	21.1848	0
-9	21.1848	3.47034
-9	24.6552	0
-9	24.6552	0
-9	24.6552	0
-9	24.6552	0
-9	24.6552	0
-9	24.6552	0
-9	24.6552	0
-9	24.6552	0
-9	24.6552	0
-9	24.6552	0
-9	24.6552	0
-9	24.6552	0
-9	24.6552	0
-9	24.6552	0
-9	24.6552	0
-9	24.6552	0
-9	24.6552	0
-9	24.6552	0
-9	24.6552	0
-9	24.6552	1.77673
-9	26.4319	0
-9	26.4319	0
-9	26.4319	0
-9	26.4319	0
-9	26.4319	0
-9	26.4319	0
-9	26.4319	0
-9	26.4319	0
-9	26.4319	0
-9	26.4319	0
-9	26.4319	0
-9	26.4319	0
-9	26.4319	0
-9	26.4319	0
-9	26.4319	0
-9	26.4319	0
-9	26.4319	0
-9	26.4319	0
-9	26.4319	0
-9	26.4319	0.405396
-9	26.8373	0
-9	26.8373	0
-9	26.8373	0
-9	26.8373	0
-9	26.8373	0
-9	26.8373	0
-9	26.8373	0
-9	26.8373	0
-9	26.8373	0
-9	26.8373	0
-9	26.8373	0
-9	26.8373	0
-9	26.8373	0
-9	26.8373	0
-9	26.8373	0
-9	26.8373	0
-9	26.8373	0
-9	26.8373	0
-9	26.8373	0
-9	26.8373	0.555603
-9	27.3929	0
-9	27.3929	0
-9	27.3929	0
-9	27.3929	0
-9	27.3929	0
-9	27.3929	0
-9	27.3929	0
-9	27.3929	0
-9	27.3929	0
-9	27.3929	0
-9	27.3929	0
-9	27.3929	0
-9	27.3929	0
-9	27.3929	0
-9	27.3929	0
-9	27.3929	0
-9	27.3929	0
-9	27.3929	0
-9	27.3929	0
-9	27.3929	1.05341
-9	28.4463	0
-9	28.4463	0
-9	28.4463	0
-9	28.4463	0
-9	28.4463	0
-9	28.4463	0
-9	28.4463	0
-9	28.4463	0
-9	28.4463	0
-9	28.4463	0
-9	28.4463	0
-9	28.4463	0
-9	28.4463	0
-9	28.4463	0
-9	28.4463	0
-9	28.4463	0
-9	28.4463	0
-9	28.4463	0
-9	28.4463	0
-9	28.4463	-0.25531
-9	28.191	0
-9	28.191	0
-9	28.191	0
-9	28.191	0
-9	28.191	0
-9	28.191	0
-9	28.191	0
-9	28.191	0
-9	28.191	0
-9	28.191	0
-9	28.191	0
-9	28.191	0
-9	28.191	0
-9	28.191	0
-9	28.191	0
-9	28.191	0
-9	28.191	0
-9	28.191	0
-9	28.191	0
-9	28.191	-0.479919
-9	27.7111	0
-9	27.7111	0
-9	27.7111	0
-9	27.7111	0
-9	27.7111	0
-9	27.7111	0
-9	27.7111	0
-9	27.7111	0
-9	27.7111	0
-9	27.7111	0
-9	27.7111	0
-9	27.7111	0
-9	27.7111	0
-9	27.7111	0
-9	27.7111	0
-9	27.7111	0
-9	27.7111	0
-9	27.7111	0
-9	27.7111	0
-9	27.7111	-0.150818
-9	27.5602	0
-9	27.5602	0
-9	27.5602	0
-9	27.5602	0
-9	27.5602	0
-9	27.5602	0
-9	27.5602	0
-9	27.5602	0
-9	27.5602	0
-9	27.5602	0
-9	27.5602	0
-9	27.5602	0
-9	27.5602	0
-9	27.5602	0
-9	27.5602	0
-9	27.5602	0
-9	27.5602	0
-9	27.5602	0
-9	27.5602	0
-9	27.5602	-1.02734
-9	26.5329	0
-9	26.5329	0
-9	26.5329	0
-9	26.5329	0
-9	26.5329	0
-9	26.5329	0
-9	26.5329	0
-9	26.5329	0
-9	26.5329	0
-9	26.5329	0
-9	26.5329	0
-9	26.5329	0
-9	26.5329	0
-9	26.5329	0
-9	26.5329	0
-9	26.5329	0
-9	26.5329	0
-9	26.5329	0
-9	26.5329	0
-9	26.5329	-1.35736
-9	25.1755	0
-9	25.1755	0
-9	25.1755	0
-9	25.1755	0
-9	25.1755	0
-9	25.1755	0
-9	25.1755	0
-9	25.1755	0
-9	25.1755	0
-9	25.1755	0
-9	25.1755	0
-9	25.1755	0
-9	25.1755	0
-9	25.1755	0
-9	25.1755	0
-9	25.1755	0
-9	25.1755	0
-9	25.1755	0
-9	25.1755	0
-9	25.1755	-1.28094
-9	23.8946	0
-9	23.8946	0
-9	23.8946	0
-9	23.8946	0
-9	23.8946	0
-9	23.8946	0
-9	23.8946	0
-9	23.8946	0
-9	23.8946	0
-9	23.8946	0
-9	23.8946	0
-9	23.8946	0
-9	23.8946	0
-9	23.8946	0
-9	23.8946	0
-9	23.8946	0
-9	23.8946	0
-9	23.8946	0
-9	23.8946	0
-9	23.8946	-1.93335
-9	21.9612	0
-9	21.9612	0
-9	21.9612	0
-9	21.9612	0
-9	21.9612	0
-9	21.9612	0
-9	21.9612	0
-9	21.9612	0
-9	21.9612	0
-9	21.9612	0
-9	21.9612	0
-9	21.9612	0
-9	21.9612	0
-9	21.9612	0
-9	21.9612	0
-9	21.9612	0
-9	21.9612	0
-9	21.9612	0
-9	21.9612	0
-9	21.9612	-3.40704
-9	18.5542	0
-9	18.5542	0
-9	18.5542	0
-9	18.5542	0
-9	18.5542	0
-9	18.5542	0
-9	18.5542	0
-9	18.5542	0
-9	18.5542	0
-9	18.5542	0
-9	18.5542	0
-9	18.5542	0
-9	18.5542	0
-9	18.5542	0
-9	18.5542	0
-9	18.5542	0
-9	18.5542	0
-9	18.5542	0
-9	18.5542	0
-9	18.5542	-4.19153
-9	14.3627	0
-9	14.3627	0
-9	14.3627	0
-9	14.3627	0
-9	14.3627	0
-9	14.3627	0
-9	14.3627	0
-9	14.3627	0
-9	14.3627	0
-9	14.3627	0
-9	14.3627	0
-9	14.3627	0
-9	14.3627	0
-9	14.3627	0
-9	14.3627	0
-9	14.3627	0
-9	14.3627	0
-9	14.3627	0
-9	14.3627	0
-9	9.16132	-7.24127
-9	1.92004	0
-9	1.92004	0
-9	1.92004	0
-9	1.92004	0
-9	1.92004	0
-9	1.92004	0
-9	1.92004	0
-9	1.92004	0
-9	1.92004	0
-9	1.92004	0
-9	1.92004	0
-9	1.92004	0
-9	1.92004	0
-9	1.92004	0
-9	1.92004	0
-9	1.92004	0
-9	1.92004	0
-9	1.92004	0
-9	1.92004	0
-9	1.92004	-7.2113
-9	-5.29126	0
-9	-5.29126	0
-9	-5.29126	0
-9	-5.29126	0
-9	-5.29126	0
-9	-5.29126	0
-9	-5.29126	0
-9	-5.29126	0
-9	-5.29126	0
-9	-5.29126	0
-9	-5.29126	0
-9	-5.29126	0
-9	-5.29126	0
-9	-5.29126	0
-9	-5.29126	0
-9	-5.29126	0
-9	-5.29126	0
-9	-5.29126	0
-9	-5.29126	0
-9	-5.29126	-4.49182
-9	-9.78308	0
-9	-9.78308	0
-9	-9.78308	0
-9	-9.78308	0
-9	-9.78308	0
-9	-9.78308	0
-9	-9.78308	0
-9	-9.78308	0
-9	-9.78308	0
-9	-9.78308	0
-9	-9.78308	0
-9	-9.78308	0
-9	-9.78308	0
-9	-9.78308	0
-9	-9.78308	0
-9	-9.78308	0
-9	-9.78308	0
-9	-9.78308	0
-9	-9.78308	0
-9	-9.78308	-2.62415
-9	-12.4072	0
-9	-12.4072	0
-9	-12.4072	0
-9	-12.4072	0
-9	-12.4072	0
-9	-12.4072	0
-9	-12.4072	0
-9	-12.4072	0
-9	-12.4072	0
-9	-12.4072	0
-9	-12.4072	0
-9	-12.4072	0
-9	-12.4072	0
-9	-12.4072	0
-9	-12.4072	0
-9	-12.4072	0
-9	-12.4072	0
-9	-12.4072	0
-9	-12.4072	0
-21	0	0
-21	0	0
-21	0	0
-21	0	0
-21	0	0
-21	0	0
-21	0	0
-21	0	0
-21	0	0
-21	0	0
-21	0	0
-21	0	0
-21	0	0
-21	0	0
-21	0	0
-21	0	0
-21	0	0
-21	0	0
-21	0	0
-21	0	0
-21	0	0
-21	0	0
-21	0	0
-21	0	0
-21	0	0
-21	0	0
-21	0	0
-21	0	0
-21	0	0
-21	0	0
-21	0	0
-21	0	0
-21	0	0
-21	0	0
-21	0	0
-21	0	0
-21	0	0
-21	0	0
-21	0	0
-21	0	0
-21	0	0
-21	0	0
-21	0	0
-21	0	0
-21	0	0
-21	0	0
-21	0	0
-21	0	0
-21	0	0
-21	0	0
-21	0	0
-21	0	0
-21	0	0
-21	0	0
-21	0	0
-21	0	0
-21	0	0
-21	0	0
-21	0	0
-21	0	0
-21	0	0
-21	0	0
-21	0	0
-21	0	0
-21	0	0
-21	0	0
-21	0	0
-21	0	0
-21	0	0
-21	0	0
-21	0	0
-21	0	0
-21	0	0
-21	0	0
-21	0	0
-21	0	0
-21	0	0
-21	0	0
-21	0	0
-21	0	0
-21	0	0
-21	0	0
-21	0	0
-21	0	0
-21	0	0
-21	0	0
-21	0	0
-21	0	0
-21	0	0
-21	0	0
-21	0	0
-21	0	0
-21	0	0
-21	0	0
-21	0	0
-21	0	0
-21	0	0
-21	0	0
-21	0	0
-21	0	0
-21	0	0
-21	0	0
-21	0	0
-21	0	0
-21	0	0
-21	0	0
-21	0	0
-21	0	0
-21	0	0
-21	0	0
-21	0	0
-21	0	0
-21	0	0
-21	0	0
-21	0	0
-21	0	0
-21	0	0
-21	0	0
-21	0	0
-21	0	0
-21	0	0
-21	0	0
-21	0	0
-21	0	0
-21	0	0
-21	0	0
-21	0	0
-21	0	0
-21	0	0
-21	0	0
-21	0	0
-21	0	0
-21	0	0
-21	0	0
-21	0	0
-21	0	0
-21	0	0
-21	0	0
-21	0	0
-21	0	0
-21	0	0
-21	0	0
-21	0	0
-21	0	0
-21	0	0
-21	0	0
-21	0	0
-21	0	0
-21	0	0
-21	0	0
-21	0	0
-21	0	0
-21	0	0
-21	0	0
-21	0	0
-21	0	0
-21	0	0
-21	0	0
-21	0	0
-21	0	0
-21	0	0
-21	0	0
-21	0	0
-21	0	0
-21	0	0
-21	0	0
-21	0	0
-21	0	0
-21	0	0
-21	0	0
-21	0	0
-21	0	0
-21	0	0
-21	0	0
-21	0	0
-21	0	0
-21	0	0
-21	0	0
-21	0	0
-21	0	0
-21	0	0
-21	0	0
-21	0	0
-21	0	0
-21	0	0
-21	0	0
-21	0	0
-21	0	0
-21	0	0
-21	0	0
-21	0	0
-21	0	0
-21	0	0
-21	0	0
-21	0	0
-21	0	0
-21	0	0
-21	0	0
-21	0	0
-21	0	0
-21	0	0
-21	0	0
-21	0	0
-21	0	0
-21	0	0
-21	0	0
-21	0	0
-21	0	0
-21	0	0
-21	0	0
-21	0	0
-21	0	0
-21	0	0
-21	0	0
-21	0	0
-21	0	0
-21	0	0
-21	0	0
-21	0	0
-21	0	0
-21	0	0
-21	0	0
-21	0	0
-21	0	0
-21	0	0
-21	0	0
-21	0	0
-21	0	0
-21	0	0
-21	0	0
-21	0	0
-21	0	0
-21	0	0
-21	0	0
-21	0	0
-21	0	0
-21	0	0
-21	0	0
-21	0	0
-21	0	0
-21	0	0
-21	0	0
-21	0	0
-21	0	0
-21	0	0
-21	0	0
-21	0	0
-21	0	0
-21	0	0
-21	0	0
-21	0	0
-21	0	0
-21	0	0
-21	0	0
-21	0	0
-21	0	0
-21	0	0
-21	0	0
-21	0	0
-21	0	0
-21	0	0
-21	0	0
-21	0	0
-21	0	0
-21	0	0
-21	0	0
-21	0	0
-21	0	0
-21	0	0
-21	0	0
-21	0	0
-21	0	0
-21	0	0
-21	0	0
-21	0	0
-21	0	0
-21	0	0
-21	0	0
-21	0	0
-21	0	0
-21	0	0
-21	0	0
-21	0	0
-21	0	0
-21	0	0
-21	0	0
-21	0	0
-21	0	0
-21	0	0
-21	0	0
-21	0	0
-21	0	0
-21	0	0
-21	0	0
-21	0	0
-21	0	0
-21	0	0
-21	0	0
-21	0	0
-21	0	0
-21	0	0
-21	0	0
-21	0	0
-21	0	0
-21	0	0
-21	0	0
-21	0	0
-21	0	0
-21	0	0
-21	0	0
-21	0	0
-21	0	0
-21	0	0
-21	0	0
-21	0	0
-21	0	0
-21	0	0
-21	0	0
-21	0	0
-21	0	0
-21	0	0.531494
-21	0.531494	0
-21	0.531494	0
-21	0.531494	0
-21	0.531494	0
-21	0.531494	0
-21	0.531494	0
-21	0.531494	0
-21	0.531494	0
-21	0.531494	0
-21	0.531494	0
-21	0.531494	0
-21	0.531494	0
-21	0.531494	0
-21	0.531494	0
-21	0.531494	0
-21	0.531494	0
-21	0.531494	0
-21	0.531494	0
-21	0.531494	0
-21	0.531494	-0.0509644
-21	0.48053	0
-21	0.48053	0
-21	0.48053	0
-21	0.48053	0
-21	0.48053	0
-21	0.48053	0
-21	0.48053	0
-21	0.48053	0
-21	0.48053	0
-21	0.48053	0
-21	0.48053	0
-21	0.48053	0
-21	0.48053	0
-21	0.48053	0
-21	0.48053	0
-21	0.48053	0
-21	0.48053	0
-21	0.48053	0
-21	0.48053	0
-21	0	0
-21	0	0
-21	0	0
-21	0	0
-21	0	0
-21	0	0
-21	0	0
-21	0	0
-21	0	0
-21	0	0
-21	0	0
-21	0	0
-21	0	0
-21	0	0
-21	0	0
-21	0	0
-21	0	0
-21	0	0
-21	0	0
-21	0	0
-21	0	0
-21	0	0
-21	0	0
-21	0	0
-21	0	0
-21	0	0
-21	0	0
-21	0	0
-21	0	0
-21	0	0
-21	0	0
-21	0	0
-21	0	0
-21	0	0
-21	0	0
-21	0	0
-21	0	0
-21	0	0
-21	0	0
-21	0	0
-21	0	0
-21	0	0
-21	0	0
-21	0	0
-21	0	0
-21	0	0
-21	0	0
-21	0	0
-21	0	0
-21	0	0
-21	0	0
-21	0	0
-21	0	0
-21	0	0
-21	0	0
-21	0	0
-21	0	0
-21	0	0
-21	0	0
-21	0	0
-21	0	0
-21	0	0
-21	0	0
-21	0	0
-21	0	0
-21	0	0
-21	0	0
-21	0	0
-21	0	0
-21	0	0
-21	0	0
-21	0	0
-21	0	0
-21	0	0
-21	0	0
-21	0	0
-21	0	0
-21	0	0
-21	0	0
-21	0	0
-21	0	0
-21	0	0
-21	0	0
-21	0	0
-21	0	0
-21	0	0
-21	0	0
-21	0	0
-21	0	0
-21	0	0
-21	0	0
-21	0	0
-21	0	0
-21	0	0
-21	0	0
-21	0	0
-21	0	0
-21	0	0
-21	0	0
-21	0	0
-21	0	0
-21	0	0
-21	0	0
-21	0	0
-21	0	0
-21	0	0
-21	0	0
-21	0	0
-21	0	0
-21	0	0
-21	0	0
-21	0	0
-21	0	0
-21	0	0
-21	0	0
-21	0	0
-21	0	0
-21	0	0
-21	0	0
-21	0	0
-21	0	0
-21	0	0
-21	0	0
-21	0	0
-21	0	0
-21	0	0
-21	0	0
-21	0	0
-21	0	0
-21	0	0
-21	0	0
-21	0	0
-21	0	0
-21	0	0
-21	0	0
-21	0	0
-21	0	0
-21	0	0
-21	0	0
-21	0	0
-21	0	0
-21	0	0
-21	0	0
-21	0	0
-21	0	0
-21	0	0
-21	0	0
-21	0	0
-21	0	0
-21	0	0
-21	0	0
-21	0	0
-21	0	0
-21	0	0
-21	0	0
-21	0	0
-21	0	0
-21	0	0
-21	0	0
-21	0	0
-21	0	6.20789
-21	6.20789	0
-21	6.20789	0
-21	6.20789	0
-21	6.20789	0
-21	6.20789	0
-21	6.20789	0
-21	6.20789	0
-21	6.20789	0
-21	6.20789	0
-21	6.20789	0
-21	6.20789	0
-21	6.20789	0
-21	6.20789	0
-21	6.20789	0
-21	6.20789	0
-21	6.20789	0
-21	6.20789	0
-21	6.20789	0
-21	6.20789	0
-21	6.20789	1.12347
-21	7.33136	0
-21	7.33136	0
-21	7.33136	0
-21	7.33136	0
-21	7.33136	0
-21	7.33136	0
-21	7.33136	0
-21	7.33136	0
-21	7.33136	0
-21	7.33136	0
-21	7.33136	0
-21	7.33136	0
-21	7.33136	0
-21	7.33136	0
-21	7.33136	0
-21	7.33136	0
-21	7.33136	0
-21	7.33136	0
-21	7.33136	0
-21	7.33136	2.76178
-21	10.0931	0
-21	10.0931	0
-21	10.0931	0
-21	10.0931	0
-21	10.0931	0
-21	10.0931	0
-21	10.0931	0
-21	10.0931	0
-21	10.0931	0
-21	10.0931	0
-21	10.0931	0
-21	10.0931	0
-21	10.0931	0
-21	10.0931	0
-21	10.0931	0
-21	10.0931	0
-21	10.0931	0
-21	10.0931	0
-21	10.0931	0
-21	10.0931	3.91705
-21	14.0102	0
-21	14.0102	0
-21	14.0102	0
-21	14.0102	0
-21	14.0102	0
-21	14.0102	0
-21	14.0102	0
-21	14.0102	0
-21	14.0102	0
-21	14.0102	0
-21	14.0102	0
-21	14.0102	0
-21	14.0102	0
-21	14.0102	0
-21	14.0102	0
-21	14.0102	0
-21	14.0102	0
-21	14.0102	0
-21	14.0102	0
-21	14.0102	4.77802
-21	18.7882	0
-21	18.7882	0
-21	18.7882	0
-21	18.7882	0
-21	18.7882	0
-21	18.7882	0
-21	18.7882	0
-21	18.7882	0
-21	18.7882	0
-21	18.7882	0
-21	18.7882	0
-21	18.7882	0
-21	18.7882	0
-21	18.7882	0
-21	18.7882	0
-21	18.7882	0
-21	18.7882	0
-21	18.7882	0
-21	18.7882	0
-21	18.7882	5.07037
-21	23.8586	0
-21	23.8586	0
-21	23.8586	0
-21	23.8586	0
-21	23.8586	0
-21	23.8586	0
-21	23.8586	0
-21	23.8586	0
-21	23.8586	0
-21	23.8586	0
-21	23.8586	0
-21	23.8586	0
-21	23.8586	0
-21	23.8586	0
-21	23.8586	0
-21	23.8586	0
-21	23.8586	0
-21	23.8586	0
-21	23.8586	0
-21	23.8586	4.52258
-21	28.3812	0
-21	28.3812	0
-21	28.3812	0
-21	28.3812	0
-21	28.3812	0
-21	28.3812	0
-21	28.3812	0
-21	28.3812	0
-21	28.3812	0
-21	28.3812	0
-21	28.3812	0
-21	28.3812	0
-21	28.3812	0
-21	28.3812	0
-21	28.3812	0
-21	28.3812	0
-21	28.3812	0
-21	28.3812	0
-21	28.3812	0
-21	28.3812	5.70697
-21	34.0881	0
-21	34.0881	0
-21	34.0881	0
-21	34.0881	0
-21	34.0881	0
-21	34.0881	0
-21	34.0881	0
-21	34.0881	0
-21	34.0881	0
-21	34.0881	0
-21	34.0881	0
-21	34.0881	0
-21	34.0881	0
-21	34.0881	0
-21	34.0881	0
-21	34.0881	0
-21	34.0881	0
-21	34.0881	0
-21	34.0881	0
-21	34.0881	5.98206
-21	40.0702	0
-21	40.0702	0
-21	40.0702	0
-21	40.0702	0
-21	40.0702	0
-21	40.0702	0
-21	40.0702	0
-21	40.0702	0
-21	40.0702	0
-21	40.0702	0
-21	40.0702	0
-21	40.0702	0
-21	40.0702	0
-21	40.0702	0
-21	40.0702	0
-21	40.0702	0
-21	40.0702	0
-21	40.0702	0
-21	40.0702	0
-21	40.0702	4.57373
-21	44.6439	0
-21	44.6439	0
-21	44.6439	0
-21	44.6439	0
-21	44.6439	0
-21	44.6439	0
-21	44.6439	0
-21	44.6439	0
-21	44.6439	0
-21	44.6439	0
-21	44.6439	0
-21	44.6439	0
-21	44.6439	0
-21	44.6439	0
-21	44.6439	0
-21	44.6439	0
-21	44.6439	0
-21	44.6439	0
-21	44.6439	0
-21	44.6439	3.6156
-21	48.2595	0
-21	48.2595	0
-21	48.2595	0
-21	48.2595	0
-21	48.2595	0
-21	48.2595	0
-21	48.2595	0
-21	48.2595	0
-21	48.2595	0
-21	48.2595	0
-21	48.2595	0
-21	48.2595	0
-21	48.2595	0
-21	48.2595	0
-21	48.2595	0
-21	48.2595	0
-21	48.2595	0
-21	48.2595	0
-21	48.2595	0
-21	48.2595	3.59448
-21	51.854	0
-21	51.854	0
-21	51.854	0
-21	51.854	0
-21	51.854	0
-21	51.854	0
-21	51.854	0
-21	51.854	0
-21	51.854	0
-21	51.854	0
-21	51.854	0
-21	51.854	0
-21	51.854	0
-21	51.854	0
-21	51.854	0
-21	51.854	0
-21	51.854	0
-21	51.854	0
-21	51.854	0
-21	51.854	1.68402
-21	53.538	0
-21	53.538	0
-21	53.538	0
-21	53.538	0
-21	53.538	0
-21	53.538	0
-21	53.538	0
-21	53.538	0
-21	53.538	0
-21	53.538	0
-21	53.538	0
-21	53.538	0
-21	53.538	0
-21	53.538	0
-21	53.538	0
-21	53.538	0
-21	53.538	0
-21	53.538	0
-21	53.538	0
-21	53.538	2.60016
-21	56.1382	0
-21	56.1382	0
-21	56.1382	0
-21	56.1382	0
-21	56.1382	0
-21	56.1382	0
-21	56.1382	0
-21	56.1382	0
-21	56.1382	0
-21	56.1382	0
-21	56.1382	0
-21	56.1382	0
-21	56.1382	0
-21	56.1382	0
-21	56.1382	0
-21	56.1382	0
-21	56.1382	0
-21	56.1382	0
-21	56.1382	0
-21	56.1382	2.09637
-21	58.2346	0
-21	58.2346	0
-21	58.2346	0
-21	58.2346	0
-21	58.2346	0
-21	58.2346	0
-21	58.2346	0
-21	58.2346	0
-21	58.2346	0
-21	58.2346	0
-21	58.2346	0
-21	58.2346	0
-21	58.2346	0
-21	58.2346	0
-21	58.2346	0
-21	58.2346	0
-21	58.2346	0
-21	58.2346	0
-21	58.2346	0
-21	58.2346	1.98572
-21	60.2203	0
-21	60.2203	0
-21	60.2203	0
-21	60.2203	0
-21	60.2203	0
-21	60.2203	0
-21	60.2203	0
-21	60.2203	0
-21	60.2203	0
-21	60.2203	0
-21	60.2203	0
-21	60.2203	0
-21	60.2203	0
-21	60.2203	0
-21	60.2203	0
-21	60.2203	0
-21	60.2203	0
-21	60.2203	0
-21	60.2203	0
-21	60.2203	1.2099
-21	61.4302	0
-21	61.4302	0
-21	61.4302	0
-21	61.4302	0
-21	61.4302	0
-21	61.4302	0
-21	61.4302	0
-21	61.4302	0
-21	61.4302	0
-21	61.4302	0
-21	61.4302	0
-21	61.4302	0
-21	61.4302	0
-21	61.4302	0
-21	61.4302	0
-21	61.4302	0
-21	61.4302	0
-21	61.4302	0
-21	61.4302	0
-21	61.4302	-1.56567
-21	59.8645	0
-21	59.8645	0
-21	59.8645	0
-21	59.8645	0
-21	59.8645	0
-21	59.8645	0
-21	59.8645	0
-21	59.8645	0
-21	59.8645	0
-21	59.8645	0
-21	59.8645	0
-21	59.8645	0
-21	59.8645	0
-21	59.8645	0
-21	59.8645	0
-21	59.8645	0
-21	59.8645	0
-21	59.8645	0
-21	59.8645	0
-21	59.8645	-1.05304
-21	58.8115	0
-21	58.8115	0
-21	58.8115	0
-21	58.8115	0
-21	58.8115	0
-21	58.8115	0
-21	58.8115	0
-21	58.8115	0
-21	58.8115	0
-21	58.8115	0
-21	58.8115	0
-21	58.8115	0
-21	58.8115	0
-21	58.8115	0
-21	58.8115	0
-21	58.8115	0
-21	58.8115	0
-21	58.8115	0
-21	58.8115	0
-21	58.8115	-0.590088
-21	58.2214	0
-21	58.2214	0
-21	58.2214	0
-21	58.2214	0
-21	58.2214	0
-21	58.2214	0
-21	58.2214	0
-21	58.2214	0
-21	58.2214	0
-21	58.2214	0
-21	58.2214	0
-21	58.2214	0
-21	58.2214	0
-21	58.2214	0
-21	58.2214	0
-21	58.2214	0
-21	58.2214	0
-21	58.2214	0
-21	58.2214	0
-21	58.2214	-0.210022
-21	58.0114	0
-21	58.0114	0
-21	58.0114	0
-21	58.0114	0
-21	58.0114	0
-21	58.0114	0
-21	58.0114	0
-21	58.0114	0
-21	58.0114	0
-21	58.0114	0
-21	58.0114	0
-21	58.0114	0
-21	58.0114	0
-21	58.0114	0
-21	58.0114	0
-21	58.0114	0
-21	58.0114	0
-21	58.0114	0
-21	58.0114	0
-21	58.0114	-1.94525
-21	56.0661	0
-21	56.0661	0
-21	56.0661	0
-21	56.0661	0
-21	56.0661	0
-21	56.0661	0
-21	56.0661	0
-21	56.0661	0
-21	56.0661	0
-21	56.0661	0
-21	56.0661	0
-21	56.0661	0
-21	56.0661	0
-21	56.0661	0
-21	56.0661	0
-21	56.0661	0
-21	56.0661	0
-21	56.0661	0
-21	56.0661	0
-21	56.0661	-0.0806274
-21	55.9855	0
-21	55.9855	0
-21	55.9855	0
-21	55.9855	0
-21	55.9855	0
-21	55.9855	0
-21	55.9855	0
-21	55.9855	0
-21	55.9855	0
-21	55.9855	0
-21	55.9855	0
-21	55.9855	0
-21	55.9855	0
-21	55.9855	0
-21	55.9855	0
-21	55.9855	0
-21	55.9855	0
-21	55.9855	0
-21	55.9855	0
-21	55.9855	-0.144409
-21	55.8411	0
-21	55.8411	0
-21	55.8411	0
-21	55.8411	0
-21	55.8411	0
-21	55.8411	0
-21	55.8411	0
-21	55.8411	0
-21	55.8411	0
-21	55.8411	0
-21	55.8411	0
-21	55.8411	0
-21	55.8411	0
-21	55.8411	0
-21	55.8411	0
-21	55.8411	0
-21	55.8411	0
-21	55.8411	0
-21	55.8411	0
-21	55.8411	0.12323
-21	55.9643	0
-21	55.9643	0
-21	55.9643	0
-21	55.9643	0
-21	55.9643	0
-21	55.9643	0
-21	55.9643	0
-21	55.9643	0
-21	55.9643	0
-21	55.9643	0
-21	55.9643	0
-21	55.9643	0
-21	55.9643	0
-21	55.9643	0
-21	55.9643	0
-21	55.9643	0
-21	55.9643	0
-21	55.9643	0
-21	55.9643	0
-21	55.9643	-2.6665
-21	53.2978	0
-21	53.2978	0
-21	53.2978	0
-21	53.2978	0
-21	53.2978	0
-21	53.2978	0
-21	53.2978	0
-21	53.2978	0
-21	53.2978	0
-21	53.2978	0
-21	53.2978	0
-21	53.2978	0
-21	53.2978	0
-21	53.2978	0
-21	53.2978	0
-21	53.2978	0
-21	53.2978	0
-21	53.2978	0
-21	53.2978	0
-21	53.2978	0.471008
-21	53.7688	0
-21	53.7688	0
-21	53.7688	0
-21	53.7688	0
-21	53.7688	0
-21	53.7688	0
-21	53.7688	0
-21	53.7688	0
-21	53.7688	0
-21	53.7688	0
-21	53.7688	0
-21	53.7688	0
-21	53.7688	0
-21	53.7688	0
-21	53.7688	0
-21	53.7688	0
-21	53.7688	0
-21	53.7688	0
-21	53.7688	0
-21	53.7688	-3.15265
-21	50.6161	0
-21	50.6161	0
-21	50.6161	0
-21	50.6161	0
-21	50.6161	0
-21	50.6161	0
-21	50.6161	0
-21	50.6161	0
-21	50.6161	0
-21	50.6161	0
-21	50.6161	0
-21	50.6161	0
-21	50.6161	0
-21	50.6161	0
-21	50.6161	0
-21	50.6161	0
-21	50.6161	0
-21	50.6161	0
-21	50.6161	0
-21	50.6161	-1.55731
-21	49.0588	0
-21	49.0588	0
-21	49.0588	0
-21	49.0588	0
-21	49.0588	0
-21	49.0588	0
-21	49.0588	0
-21	49.0588	0
-21	49.0588	0
-21	49.0588	0
-21	49.0588	0
-21	49.0588	0
-21	49.0588	0
-21	49.0588	0
-21	49.0588	0
-21	49.0588	0
-21	49.0588	0
-21	49.0588	0
-21	49.0588	0
-21	49.0588	-1.65405
-21	47.4048	0
-21	47.4048	0
-21	47.4048	0
-21	47.4048	0
-21	47.4048	0
-21	47.4048	0
-21	47.4048	0
-21	47.4048	0
-21	47.4048	0
-21	47.4048	0
-21	47.4048	0
-21	47.4048	0
-21	47.4048	0
-21	47.4048	0
-21	47.4048	0
-21	47.4048	0
-21	47.4048	0
-21	47.4048	0
-21	47.4048	0
-21	47.4048	-2.00342
-21	45.4014	0
-21	45.4014	0
-21	45.4014	0
-21	45.4014	0
-21	45.4014	0
-21	45.4014	0
-21	45.4014	0
-21	45.4014	0
-21	45.4014	0
-21	45.4014	0
-21	45.4014	0
-21	45.4014	0
-21	45.4014	0
-21	45.4014	0
-21	45.4014	0
-21	45.4014	0
-21	45.4014	0
-21	45.4014	0
-21	45.4014	0
-21	45.4014	-1.15991
-21	44.2415	0
-21	44.2415	0
-21	44.2415	0
-21	44.2415	0
-21	44.2415	0
-21	44.2415	0
-21	44.2415	0
-21	44.2415	0
-21	44.2415	0
-21	44.2415	0
-21	44.2415	0
-21	44.2415	0
-21	44.2415	0
-21	44.2415	0
-21	44.2415	0
-21	44.2415	0
-21	44.2415	0
-21	44.2415	0
-21	44.2415	0
-21	44.2415	-1.56024
-21	42.6812	0
-21	42.6812	0
-21	42.6812	0
-21	42.6812	0
-21	42.6812	0
-21	42.6812	0
-21	42.6812	0
-21	42.6812	0
-21	42.6812	0
-21	42.6812	0
-21	42.6812	0
-21	42.6812	0
-21	42.6812	0
-21	42.6812	0
-21	42.6812	0
-21	42.6812	0
-21	42.6812	0
-21	42.6812	0
-21	42.6812	0
-21	42.6812	-1.32629
-21	41.3549	0
-21	41.3549	0
-21	41.3549	0
-21	41.3549	0
-21	41.3549	0
-21	41.3549	0
-21	41.3549	0
-21	41.3549	0
-21	41.3549	0
-21	41.3549	0
-21	41.3549	0
-21	41.3549	0
-21	41.3549	0
-21	41.3549	0
-21	41.3549	0
-21	41.3549	0
-21	41.3549	0
-21	41.3549	0
-21	41.3549	0
-21	41.3549	-0.699036
-21	40.6559	0
-21	40.6559	0
-21	40.6559	0
-21	40.6559	0
-21	40.6559	0
-21	40.6559	0
-21	40.6559	0
-21	40.6559	0
-21	40.6559	0
-21	40.6559	0
-21	40.6559	0
-21	40.6559	0
-21	40.6559	0
-21	40.6559	0
-21	40.6559	0
-21	40.6559	0
-21	40.6559	0
-21	40.6559	0
-21	40.6559	0
-21	40.6559	-0.804993
-21	39.8509	0
-21	39.8509	0
-21	39.8509	0
-21	39.8509	0
-21	39.8509	0
-21	39.8509	0
-21	39.8509	0
-21	39.8509	0
-21	39.8509	0
-21	39.8509	0
-21	39.8509	0
-21	39.8509	0
-21	39.8509	0
-21	39.8509	0
-21	39.8509	0
-21	39.8509	0
-21	39.8509	0
-21	39.8509	0
-21	39.8509	0
-21	39.8509	-1.69208
-21	38.1588	0
-21	38.1588	0
-21	38.1588	0
-21	38.1588	0
-21	38.1588	0
-21	38.1588	0
-21	38.1588	0
-21	38.1588	0
-21	38.1588	0
-21	38.1588	0
-21	38.1588	0
-21	38.1588	0
-21	38.1588	0
-21	38.1588	0
-21	38.1588	0
-21	38.1588	0
-21	38.1588	0
-21	38.1588	0
-21	38.1588	0
-21	38.1588	-1.6264
-21	36.5324	0
-21	36.5324	0
-21	36.5324	0
-21	36.5324	0
-21	36.5324	0
-21	36.5324	0
-21	36.5324	0
-21	36.5324	0
-21	36.5324	0
-21	36.5324	0
-21	36.5324	0
-21	36.5324	0
-21	36.5324	0
-21	36.5324	0
-21	36.5324	0
-21	36.5324	0
-21	36.5324	0
-21	36.5324	0
-21	36.5324	0
-21	36.5324	-0.790771
-21	35.7416	0
-21	35.7416	0
-21	35.7416	0
-21	35.7416	0
-21	35.7416	0
-21	35.7416	0
-21	35.7416	0
-21	35.7416	0
-21	35.7416	0
-21	35.7416	0
-21	35.7416	0
-21	35.7416	0
-21	35.7416	0
-21	35.7416	0
-21	35.7416	0
-21	35.7416	0
-21	35.7416	0
-21	35.7416	0
-21	35.7416	0
-21	35.7416	-2.14221
-21	33.5994	0
-21	33.5994	0
-21	33.5994	0
-21	33.5994	0
-21	33.5994	0
-21	33.5994	0
-21	33.5994	0
-21	33.5994	0
-21	33.5994	0
-21	33.5994	0
-21	33.5994	0
-21	33.5994	0
-21	33.5994	0
-21	33.5994	0
-21	33.5994	0
-21	33.5994	0
-21	33.5994	0
-21	33.5994	0
-21	33.5994	0
-21	33.5994	-0.324585
-21	33.2748	0
-21	33.2748	0
-21	33.2748	0
-21	33.2748	0
-21	33.2748	0
-21	33.2748	0
-21	33.2748	0
-21	33.2748	0
-21	33.2748	0
-21	33.2748	0
-21	33.2748	0
-21	33.2748	0
-21	33.2748	0
-21	33.2748	0
-21	33.2748	0
-21	33.2748	0
-21	33.2748	0
-21	33.2748	0
-21	33.2748	0
-21	33.2748	-4.16431
-21	29.1105	0
-21	29.1105	0
-21	29.1105	0
-21	29.1105	0
-21	29.1105	0
-21	29.1105	0
-21	29.1105	0
-21	29.1105	0
-21	29.1105	0
-21	29.1105	0
-21	29.1105	0
-21	29.1105	0
-21	29.1105	0
-21	29.1105	0
-21	29.1105	0
-21	29.1105	0
-21	29.1105	0
-21	29.1105	0
-21	29.1105	0
-21	29.1105	-1.5271
-21	27.5834	0
-21	27.5834	0
-21	27.5834	0
-21	27.5834	0
-21	27.5834	0
-21	27.5834	0
-21	27.5834	0
-21	27.5834	0
-21	27.5834	0
-21	27.5834	0
-21	27.5834	0
-21	27.5834	0
-21	27.5834	0
-21	27.5834	0
-21	27.5834	0
-21	27.5834	0
-21	27.5834	0
-21	27.5834	0
-21	27.5834	0
-21	27.5834	-0.64917
-21	26.9343	0
-21	26.9343	0
-21	26.9343	0
-21	26.9343	0
-21	26.9343	0
-21	26.9343	0
-21	26.9343	0
-21	26.9343	0
-21	26.9343	0
-21	26.9343	0
-21	26.9343	0
-21	26.9343	0
-21	26.9343	0
-21	26.9343	0
-21	26.9343	0
-21	26.9343	0
-21	26.9343	0
-21	26.9343	0
-21	26.9343	0
-21	26.9343	-2.07983
-21	24.8544	0
-21	24.8544	0
-21	24.8544	0
-21	24.8544	0
-21	24.8544	0
-21	24.8544	0
-21	24.8544	0
-21	24.8544	0
-21	24.8544	0
-21	24.8544	0
-21	24.8544	0
-21	24.8544	0
-21	24.8544	0
-21	24.8544	0
-21	24.8544	0
-21	24.8544	0
-21	24.8544	0
-21	24.8544	0
-21	24.8544	0
-21	24.8544	-2.83789
-21	22.0165	0
-21	22.0165	0
-21	22.0165	0
-21	22.0165	0
-21	22.0165	0
-21	22.0165	0
-21	22.0165	0
-21	22.0165	0
-21	22.0165	0
-21	22.0165	0
-21	22.0165	0
-21	22.0165	0
-21	22.0165	0
-21	22.0165	0
-21	22.0165	0
-21	22.0165	0
-21	22.0165	0
-21	22.0165	0
-21	22.0165	0
-21	21.169	-1.23059
-21	19.9384	0
-21	19.9384	0
-21	19.9384	0
-21	19.9384	0
-21	19.9384	0
-21	19.9384	0
-21	19.9384	0
-21	19.9384	0
-21	19.9384	0
-21	19.9384	0
-21	19.9384	0
-21	19.9384	0
-21	19.9384	0
-21	19.9384	0
-21	19.9384	0
-21	19.9384	0
-21	19.9384	0
-21	19.9384	0
-21	19.9384	0
-21	21.4579	0.963501
-21	22.4214	0
-21	22.4214	0
-21	22.4214	0
-21	22.4214	0
-21	22.4214	0
-21	22.4214	0
-21	22.4214	0
-21	22.4214	0
-21	22.4214	0
-21	22.4214	0
-21	22.4214	0
-21	22.4214	0
-21	22.4214	0
-21	22.4214	0
-21	22.4214	0
-21	22.4214	0
-21	22.4214	0
-21	22.4214	0
-21	22.4214	0
-21	22.4214	2.39722
-21	24.8186	0
-21	24.8186	0
-21	24.8186	0
-21	24.8186	0
-21	24.8186	0
-21	24.8186	0
-21	24.8186	0
-21	24.8186	0
-21	24.8186	0
-21	24.8186	0
-21	24.8186	0
-21	24.8186	0
-21	24.8186	0
-21	24.8186	0
-21	24.8186	0
-21	24.8186	0
-21	24.8186	0
-21	24.8186	0
-21	24.8186	0
-21	24.8186	1.15277
-21	25.9714	0
-21	25.9714	0
-21	25.9714	0
-21	25.9714	0
-21	25.9714	0
-21	25.9714	0
-21	25.9714	0
-21	25.9714	0
-21	25.9714	0
-21	25.9714	0
-21	25.9714	0
-21	25.9714	0
-21	25.9714	0
-21	25.9714	0
-21	25.9714	0
-21	25.9714	0
-21	25.9714	0
-21	25.9714	0
-21	25.9714	0
-21	25.9714	1.71985
-21	27.6912	0
-21	27.6912	0
-21	27.6912	0
-21	27.6912	0
-21	27.6912	0
-21	27.6912	0
-21	27.6912	0
-21	27.6912	0
-21	27.6912	0
-21	27.6912	0
-21	27.6912	0
-21	27.6912	0
-21	27.6912	0
-21	27.6912	0
-21	27.6912	0
-21	27.6912	0
-21	27.6912	0
-21	27.6912	0
-21	27.6912	0
-21	27.6912	2.42841
-21	30.1196	0
-21	30.1196	0
-21	30.1196	0
-21	30.1196	0
-21	30.1196	0
-21	30.1196	0
-21	30.1196	0
-21	30.1196	0
-21	30.1196	0
-21	30.1196	0
-21	30.1196	0
-21	30.1196	0
-21	30.1196	0
-21	30.1196	0
-21	30.1196	0
-21	30.1196	0
-21	30.1196	0
-21	30.1196	0
-21	30.1196	0
-21	30.1196	1.71704
-21	31.8367	0
-21	31.8367	0
-21	31.8367	0
-21	31.8367	0
-21	31.8367	0
-21	31.8367	0
-21	31.8367	0
-21	31.8367	0
-21	31.8367	0
-21	31.8367	0
-21	31.8367	0
-21	31.8367	0
-21	31.8367	0
-21	31.8367	0
-21	31.8367	0
-21	31.8367	0
-21	31.8367	0
-21	31.8367	0
-21	31.8367	0
-21	31.8367	1.34222
-21	33.1789	0
-21	33.1789	0
-21	33.1789	0
-21	33.1789	0
-21	33.1789	0
-21	33.1789	0
-21	33.1789	0
-21	33.1789	0
-21	33.1789	0
-21	33.1789	0
-21	33.1789	0
-21	33.1789	0
-21	33.1789	0
-21	33.1789	0
-21	33.1789	0
-21	33.1789	0
-21	33.1789	0
-21	33.1789	0
-21	33.1789	0
-21	33.1789	0.63208
-21	33.811	0
-21	33.811	0
-21	33.811	0
-21	33.811	0
-21	33.811	0
-21	33.811	0
-21	33.811	0
-21	33.811	0
-21	33.811	0
-21	33.811	0
-21	33.811	0
-21	33.811	0
-21	33.811	0
-21	33.811	0
-21	33.811	0
-21	33.811	0
-21	33.811	0
-21	33.811	0
-21	33.811	0
-21	33.811	0.46936
-21	34.2803	0
-21	34.2803	0
-21	34.2803	0
-21	34.2803	0
-21	34.2803	0
-21	34.2803	0
-21	34.2803	0
-21	34.2803	0
-21	34.2803	0
-21	34.2803	0
-21	34.2803	0
-21	34.2803	0
-21	34.2803	0
-21	34.2803	0
-21	34.2803	0
-21	34.2803	0
-21	34.2803	0
-21	34.2803	0
-21	34.2803	0
-21	34.2803	1.89105
-21	36.1714	0
-21	36.1714	0
-21	36.1714	0
-21	36.1714	0
-21	36.1714	0
-21	36.1714	0
-21	36.1714	0
-21	36.1714	0
-21	36.1714	0
-21	36.1714	0
-21	36.1714	0
-21	36.1714	0
-21	36.1714	0
-21	36.1714	0
-21	36.1714	0
-21	36.1714	0
-21	36.1714	0
-21	36.1714	0
-21	36.1714	0
-21	36.1714	1.62854
-21	37.7999	0
-21	37.7999	0
-21	37.7999	0
-21	37.7999	0
-21	37.7999	0
-21	37.7999	0
-21	37.7999	0
-21	37.7999	0
-21	37.7999	0
-21	37.7999	0
-21	37.7999	0
-21	37.7999	0
-21	37.7999	0
-21	37.7999	0
-21	37.7999	0
-21	37.7999	0
-21	37.7999	0
-21	37.7999	0
-21	37.7999	0
-21	37.7999	1.51886
-21	39.3188	0
-21	39.3188	0
-21	39.3188	0
-21	39.3188	0
-21	39.3188	0
-21	39.3188	0
-21	39.3188	0
-21	39.3188	0
-21	39.3188	0
-21	39.3188	0
-21	39.3188	0
-21	39.3188	0
-21	39.3188	0
-21	39.3188	0
-21	39.3188	0
-21	39.3188	0
-21	39.3188	0
-21	39.3188	0
-21	39.3188	0
-21	39.3188	1.14014
-21	40.4589	0
-21	40.4589	0
-21	40.4589	0
-21	40.4589	0
-21	40.4589	0
-21	40.4589	0
-21	40.4589	0
-21	40.4589	0
-21	40.4589	0
-21	40.4589	0
-21	40.4589	0
-21	40.4589	0
-21	40.4589	0
-21	40.4589	0
-21	40.4589	0
-21	40.4589	0
-21	40.4589	0
-21	40.4589	0
-21	40.4589	0
-21	40.4589	1.13599
-21	41.5949	0
-21	41.5949	0
-21	41.5949	0
-21	41.5949	0
-21	41.5949	0
-21	41.5949	0
-21	41.5949	0
-21	41.5949	0
-21	41.5949	0
-21	41.5949	0
-21	41.5949	0
-21	41.5949	0
-21	41.5949	0
-21	41.5949	0
-21	41.5949	0
-21	41.5949	0
-21	41.5949	0
-21	41.5949	0
-21	41.5949	0
-21	41.5949	2.21796
-21	43.8129	0
-21	43.8129	0
-21	43.8129	0
-21	43.8129	0
-21	43.8129	0
-21	43.8129	0
-21	43.8129	0
-21	43.8129	0
-21	43.8129	0
-21	43.8129	0
-21	43.8129	0
-21	43.8129	0
-21	43.8129	0
-21	43.8129	0
-21	43.8129	0
-21	43.8129	0
-21	43.8129	0
-21	43.8129	0
-21	43.8129	0
-21	43.8129	0.390991
-21	44.2039	0
-21	44.2039	0
-21	44.2039	0
-21	44.2039	0
-21	44.2039	0
-21	44.2039	0
-21	44.2039	0
-21	44.2039	0
-21	44.2039	0
-21	44.2039	0
-21	44.2039	0
-21	44.2039	0
-21	44.2039	0
-21	44.2039	0
-21	44.2039	0
-21	44.2039	0
-21	44.2039	0
-21	44.2039	0
-21	44.2039	0
-21	44.2039	1.17346
-21	45.3773	0
-21	45.3773	0
-21	45.3773	0
-21	45.3773	0
-21	45.3773	0
-21	45.3773	0
-21	45.3773	0
-21	45.3773	0
-21	45.3773	0
-21	45.3773	0
-21	45.3773	0
-21	45.3773	0
-21	45.3773	0
-21	45.3773	0
-21	45.3773	0
-21	45.3773	0
-21	45.3773	0
-21	45.3773	0
-21	45.3773	0
-21	45.3773	2.44855
-21	47.8259	0
-21	47.8259	0
-21	47.8259	0
-21	47.8259	0
-21	47.8259	0
-21	47.8259	0
-21	47.8259	0
-21	47.8259	0
-21	47.8259	0
-21	47.8259	0
-21	47.8259	0
-21	47.8259	0
-21	47.8259	0
-21	47.8259	0
-21	47.8259	0
-21	47.8259	0
-21	47.8259	0
-21	47.8259	0
-21	47.8259	0
-21	47.8259	1.35901
-21	49.1849	0
-21	49.1849	0
-21	49.1849	0
-21	49.1849	0
-21	49.1849	0
-21	49.1849	0
-21	49.1849	0
-21	49.1849	0
-21	49.1849	0
-21	49.1849	0
-21	49.1849	0
-21	49.1849	0
-21	49.1849	0
-21	49.1849	0
-21	49.1849	0
-21	49.1849	0
-21	49.1849	0
-21	49.1849	0
-21	49.1849	0
-21	49.1849	2.09442
-21	51.2793	0
-21	51.2793	0
-21	51.2793	0
-21	51.2793	0
-21	51.2793	0
-21	51.2793	0
-21	51.2793	0
-21	51.2793	0
-21	51.2793	0
-21	51.2793	0
-21	51.2793	0
-21	51.2793	0
-21	51.2793	0
-21	51.2793	0
-21	51.2793	0
-21	51.2793	0
-21	51.2793	0
-21	51.2793	0
-21	51.2793	0
-21	51.2793	2.90497
-21	54.1843	0
-21	54.1843	0
-21	54.1843	0
-21	54.1843	0
-21	54.1843	0
-21	54.1843	0
-21	54.1843	0
-21	54.1843	0
-21	54.1843	0
-21	54.1843	0
-21	54.1843	0
-21	54.1843	0
-21	54.1843	0
-21	54.1843	0
-21	54.1843	0
-21	54.1843	0
-21	54.1843	0
-21	54.1843	0
-21	54.1843	0
-21	54.1843	2.11505
-21	56.2993	0
-21	56.2993	0
-21	56.2993	0
-21	56.2993	0
-21	56.2993	0
-21	56.2993	0
-21	56.2993	0
-21	56.2993	0
-21	56.2993	0
-21	56.2993	0
-21	56.2993	0
-21	56.2993	0
-21	56.2993	0
-21	56.2993	0
-21	56.2993	0
-21	56.2993	0
-21	56.2993	0
-21	56.2993	0
-21	56.2993	0
-21	56.2993	2.71808
-21	59.0174	0
-21	59.0174	0
-21	59.0174	0
-21	59.0174	0
-21	59.0174	0
-21	59.0174	0
-21	59.0174	0
-21	59.0174	0
-21	59.0174	0
-21	59.0174	0
-21	59.0174	0
-21	59.0174	0
-21	59.0174	0
-21	59.0174	0
-21	59.0174	0
-21	59.0174	0
-21	59.0174	0
-21	59.0174	0
-21	59.0174	0
-21	59.0174	1.74225
-21	60.7596	0
-21	60.7596	0
-21	60.7596	0
-21	60.7596	0
-21	60.7596	0
-21	60.7596	0
-21	60.7596	0
-21	60.7596	0
-21	60.7596	0
-21	60.7596	0
-21	60.7596	0
-21	60.7596	0
-21	60.7596	0
-21	60.7596	0
-21	60.7596	0
-21	60.7596	0
-21	60.7596	0
-21	60.7596	0
-21	60.7596	0
-21	60.7596	2.04871
-21	62.8083	0
-21	62.8083	0
-21	62.8083	0
-21	62.8083	0
-21	62.8083	0
-21	62.8083	0
-21	62.8083	0
-21	62.8083	0
-21	62.8083	0
-21	62.8083	0
-21	62.8083	0
-21	62.8083	0
-21	62.8083	0
-21	62.8083	0
-21	62.8083	0
-21	62.8083	0
-21	62.8083	0
-21	62.8083	0
-21	62.8083	0
-21	62.8083	1.87146
-21	64.6798	0
-21	64.6798	0
-21	64.6798	0
-21	64.6798	0
-21	64.6798	0
-21	64.6798	0
-21	64.6798	0
-21	64.6798	0
-21	64.6798	0
-21	64.6798	0
-21	64.6798	0
-21	64.6798	0
-21	64.6798	0
-21	64.6798	0
-21	64.6798	0
-21	64.6798	0
-21	64.6798	0
-21	64.6798	0
-21	64.6798	0
-21	64.6798	1.39709
-21	66.0769	0
-21	66.0769	0
-21	66.0769	0
-21	66.0769	0
-21	66.0769	0
-21	66.0769	0
-21	66.0769	0
-21	66.0769	0
-21	66.0769	0
-21	66.0769	0
-21	66.0769	0
-21	66.0769	0
-21	66.0769	0
-21	66.0769	0
-21	66.0769	0
-21	66.0769	0
-21	66.0769	0
-21	66.0769	0
-21	66.0769	0
-21	66.0769	-0.663208
-21	65.4137	0
-21	65.4137	0
-21	65.4137	0
-21	65.4137	0
-21	65.4137	0
-21	65.4137	0
-21	65.4137	0
-21	65.4137	0
-21	65.4137	0
-21	65.4137	0
-21	65.4137	0
-21	65.4137	0
-21	65.4137	0
-21	65.4137	0
-21	65.4137	0
-21	65.4137	0
-21	65.4137	0
-21	65.4137	0
-21	65.4137	0
-21	65.4137	2.76544
-21	68.1791	0
-21	68.1791	0
-21	68.1791	0
-21	68.1791	0
-21	68.1791	0
-21	68.1791	0
-21	68.1791	0
-21	68.1791	0
-21	68.1791	0
-21	68.1791	0
-21	68.1791	0
-21	68.1791	0
-21	68.1791	0
-21	68.1791	0
-21	68.1791	0
-21	68.1791	0
-21	68.1791	0
-21	68.1791	0
-21	68.1791	0
-21	68.1791	5.09772
-21	73.2769	0
-21	73.2769	0
-21	73.2769	0
-21	73.2769	0
-21	73.2769	0
-21	73.2769	0
-21	73.2769	0
-21	73.2769	0
-21	73.2769	0
-21	73.2769	0
-21	73.2769	0
-21	73.2769	0
-21	73.2769	0
-21	73.2769	0
-21	73.2769	0
-21	73.2769	0
-21	73.2769	0
-21	73.2769	0
-21	73.2769	0
-21	73.2769	-6.72681
-21	66.55	0
-21	66.55	0
-21	66.55	0
-21	66.55	0
-21	66.55	0
-21	66.55	0
-21	66.55	0
-21	66.55	0
-21	66.55	0
-21	66.55	0
-21	66.55	0
-21	66.55	0
-21	66.55	0
-21	66.55	0
-21	66.55	0
-21	66.55	0
-21	66.55	0
-21	66.55	0
-21	66.55	0
-21	66.55	7.96106
-21	74.5111	0
-21	74.5111	0
-21	74.5111	0
-21	74.5111	0
-21	74.5111	0
-21	74.5111	0
-21	74.5111	0
-21	74.5111	0
-21	74.5111	0
-21	74.5111	0
-21	74.5111	0
-21	74.5111	0
-21	74.5111	0
-21	74.5111	0
-21	74.5111	0
-21	74.5111	0
-21	74.5111	0
-21	74.5111	0
-21	74.5111	0
-21	74.5111	12.0131
-21	86.5242	0
-21	86.5242	0
-21	86.5242	0
-21	86.5242	0
-21	86.5242	0
-21	86.5242	0
-21	86.5242	0
-21	86.5242	0
-21	86.5242	0
-21	86.5242	0
-21	86.5242	0
-21	86.5242	0
-21	86.5242	0
-21	86.5242	0
-21	86.5242	0
-21	86.5242	0
-21	86.5242	0
-21	86.5242	0
-21	86.5242	0
65	0	0
65	0	0
65	0	0
65	0	0
65	0	0
65	0	0
65	0	0
65	0	0
65	0	0
65	0	0
65	0	0
65	0	0
65	0	0
65	0	0
65	0	0
65	0	0
65	0	0
65	0	0
65	0	0
65	0	0
65	0	0
65	0	0
65	0	0
65	0	0
65	0	0
65	0	0
65	0	0
65	0	0
65	0	0
65	0	0
65	0	0
65	0	0
65	0	0
65	0	0
65	0	0
65	0	0
65	0	0
65	0	0
65	0	0
65	0	0
65	0	0
65	0	0
65	0	0
65	0	0
65	0	0
65	0	0
65	0	0
65	0	0
65	0	0
65	0	0
65	0	0
65	0	0
65	0	0
65	0	0
65	0	0
65	0	0
65	0	0
65	0	0
65	0	0
65	0	0
65	0	0
65	0	0
65	0	0
65	0	0
65	0	0
65	0	0
65	0	0
65	0	0
65	0	0
65	0	0
65	0	0
65	0	0
65	0	0
65	0	0
65	0	0
65	0	0
65	0	0
65	0	0
65	0	0
65	0	0
65	0	0
65	0	0
65	0	0
65	0	0
65	0	0
65	0	0
65	0	0
65	0	0
65	0	0
65	0	0
65	0	0
65	0	0
65	0	0
65	0	0
65	0	0
65	0	0
65	0	0
65	0	0
65	0	0
65	0	0
65	0	-54.4229
65	-54.4229	0
65	-54.4229	0
65	-54.4229	0
65	-54.4229	0
65	-54.4229	0
65	-54.4229	0
65	-54.4229	0
65	-54.4229	0
65	-54.4229	0
65	-54.4229	0
65	-54.4229	0
65	-54.4229	0
65	-54.4229	0
65	-54.4229	0
65	-54.4229	0
65	-54.4229	0
65	-54.4229	0
65	-54.4229	0
65	-54.4229	0
65	-54.4229	24.3289
65	-30.0939	0
65	-30.0939	0
65	-30.0939	0
65	-30.0939	0
65	-30.0939	0
65	-30.0939	0
65	-30.0939	0
65	-30.0939	0
65	-30.0939	0
65	-30.0939	0
65	-30.0939	0
65	-30.0939	0
65	-30.0939	0
65	-30.0939	0
65	-30.0939	0
65	-30.0939	0
65	-30.0939	0
65	-30.0939	0
65	-30.0939	0
65	-30.0939	15.9619
65	-14.132	0
65	-14.132	0
65	-14.132	0
65	-14.132	0
65	-14.132	0
65	-14.132	0
65	-14.132	0
65	-14.132	0
65	-14.132	0
65	-14.132	0
65	-14.132	0
65	-14.132	0
65	-14.132	0
65	-14.132	0
65	-14.132	0
65	-14.132	0
65	-14.132	0
65	-14.132	0
65	-14.132	0
65	-14.132	-6.61206
65	-20.7441	0
65	-20.7441	0
65	-20.7441	0
65	-20.7441	0
65	-20.7441	0
65	-20.7441	0
65	-20.7441	0
65	-20.7441	0
65	-20.7441	0
65	-20.7441	0
65	-20.7441	0
65	-20.7441	0
65	-20.7441	0
65	-20.7441	0
65	-20.7441	0
65	-20.7441	0
65	-20.7441	0
65	-20.7441	0
65	-20.7441	0
65	-20.7441	2.97266
65	-17.7714	0
65	-17.7714	0
65	-17.7714	0
65	-17.7714	0
65	-17.7714	0
65	-17.7714	0
65	-17.7714	0
65	-17.7714	0
65	-17.7714	0
65	-17.7714	0
65	-17.7714	0
65	-17.7714	0
65	-17.7714	0
65	-17.7714	0
65	-17.7714	0
65	-17.7714	0
65	-17.7714	0
65	-17.7714	0
65	-17.7714	0
65	-17.7714	1.84064
65	-15.9308	0
65	-15.9308	0
65	-15.9308	0
65	-15.9308	0
65	-15.9308	0
65	-15.9308	0
65	-15.9308	0
65	-15.9308	0
65	-15.9308	0
65	-15.9308	0
65	-15.9308	0
65	-15.9308	0
65	-15.9308	0
65	-15.9308	0
65	-15.9308	0
65	-15.9308	0
65	-15.9308	0
65	-15.9308	0
65	-15.9308	0
65	-15.9308	-2.56598
65	-18.4968	0
65	-18.4968	0
65	-18.4968	0
65	-18.4968	0
65	-18.4968	0
65	-18.4968	0
65	-18.4968	0
65	-18.4968	0
65	-18.4968	0
65	-18.4968	0
65	-18.4968	0
65	-18.4968	0
65	-18.4968	0
65	-18.4968	0
65	-18.4968	0
65	-18.4968	0
65	-18.4968	0
65	-18.4968	0
65	-18.4968	0
65	-18.4968	-3.94019
65	-22.437	0
65	-22.437	0
65	-22.437	0
65	-22.437	0
65	-22.437	0
65	-22.437	0
65	-22.437	0
65	-22.437	0
65	-22.437	0
65	-22.437	0
65	-22.437	0
65	-22.437	0
65	-22.437	0
65	-22.437	0
65	-22.437	0
65	-22.437	0
65	-22.437	0
65	-22.437	0
65	-22.437	0
65	-22.437	-3.78925
65	-26.2262	0
65	-26.2262	0
65	-26.2262	0
65	-26.2262	0
65	-26.2262	0
65	-26.2262	0
65	-26.2262	0
65	-26.2262	0
65	-26.2262	0
65	-26.2262	0
65	-26.2262	0
65	-26.2262	0
65	-26.2262	0
65	-26.2262	0
65	-26.2262	0
65	-26.2262	0
65	-26.2262	0
65	-26.2262	0
65	-26.2262	0
65	-26.2262	-2.06165
65	-28.2878	0
65	-28.2878	0
65	-28.2878	0
65	-28.2878	0
65	-28.2878	0
65	-28.2878	0
65	-28.2878	0
65	-28.2878	0
65	-28.2878	0
65	-28.2878	0
65	-28.2878	0
65	-28.2878	0
65	-28.2878	0
65	-28.2878	0
65	-28.2878	0
65	-28.2878	0
65	-28.2878	0
65	-28.2878	0
65	-28.2878	0
65	-28.2878	-2.28162
65	-30.5695	0
65	-30.5695	0
65	-30.5695	0
65	-30.5695	0
65	-30.5695	0
65	-30.5695	0
65	-30.5695	0
65	-30.5695	0
65	-30.5695	0
65	-30.5695	0
65	-30.5695	0
65	-30.5695	0
65	-30.5695	0
65	-30.5695	0
65	-30.5695	0
65	-30.5695	0
65	-30.5695	0
65	-30.5695	0
65	-30.5695	0
65	-30.5695	-1.21338
65	-31.7828	0
65	-31.7828	0
65	-31.7828	0
65	-31.7828	0
65	-31.7828	0
65	-31.7828	0
65	-31.7828	0
65	-31.7828	0
65	-31.7828	0
65	-31.7828	0
65	-31.7828	0
65	-31.7828	0
65	-31.7828	0
65	-31.7828	0
65	-31.7828	0
65	-31.7828	0
65	-31.7828	0
65	-31.7828	0
65	-31.7828	0
65	-31.7828	-1.5116
65	-33.2944	0
65	-33.2944	0
65	-33.2944	0
65	-33.2944	0
65	-33.2944	0
65	-33.2944	0
65	-33.2944	0
65	-33.2944	0
65	-33.2944	0
65	-33.2944	0
65	-33.2944	0
65	-33.2944	0
65	-33.2944	0
65	-33.2944	0
65	-33.2944	0
65	-33.2944	0
65	-33.2944	0
65	-33.2944	0
65	-33.2944	0
65	-33.2944	-1.80774
65	-35.1022	0
65	-35.1022	0
65	-35.1022	0
65	-35.1022	0
65	-35.1022	0
65	-35.1022	0
65	-35.1022	0
65	-35.1022	0
65	-35.1022	0
65	-35.1022	0
65	-35.1022	0
65	-35.1022	0
65	-35.1022	0
65	-35.1022	0
65	-35.1022	0
65	-35.1022	0
65	-35.1022	0
65	-35.1022	0
65	-35.1022	0
65	-35.1022	-2.09216
65	-37.1943	0
65	-37.1943	0
65	-37.1943	0
65	-37.1943	0
65	-37.1943	0
65	-37.1943	0
65	-37.1943	0
65	-37.1943	0
65	-37.1943	0
65	-37.1943	0
65	-37.1943	0
65	-37.1943	0
65	-37.1943	0
65	-37.1943	0
65	-37.1943	0
65	-37.1943	0
65	-37.1943	0
65	-37.1943	0
65	-37.1943	0
65	-37.1943	-2.59534
65	-39.7897	0
65	-39.7897	0
65	-39.7897	0
65	-39.7897	0
65	-39.7897	0
65	-39.7897	0
65	-39.7897	0
65	-39.7897	0
65	-39.7897	0
65	-39.7897	0
65	-39.7897	0
65	-39.7897	0
65	-39.7897	0
65	-39.7897	0
65	-39.7897	0
65	-39.7897	0
65	-39.7897	0
65	-39.7897	0
65	-39.7897	0
65	-39.7897	-3.11102
65	-42.9007	0
65	-42.9007	0
65	-42.9007	0
65	-42.9007	0
65	-42.9007	0
65	-42.9007	0
65	-42.9007	0
65	-42.9007	0
65	-42.9007	0
65	-42.9007	0
65	-42.9007	0
65	-42.9007	0
65	-42.9007	0
65	-42.9007	0
65	-42.9007	0
65	-42.9007	0
65	-42.9007	0
65	-42.9007	0
65	-42.9007	0
65	-42.9007	-1.86353
65	-44.7642	0
65	-44.7642	0
65	-44.7642	0
65	-44.7642	0
65	-44.7642	0
65	-44.7642	0
65	-44.7642	0
65	-44.7642	0
65	-44.7642	0
65	-44.7642	0
65	-44.7642	0
65	-44.7642	0
65	-44.7642	0
65	-44.7642	0
65	-44.7642	0
65	-44.7642	0
65	-44.7642	0
65	-44.7642	0
65	-44.7642	0
65	-44.7642	-1.6015
65	-46.3657	0
65	-46.3657	0
65	-46.3657	0
65	-46.3657	0
65	-46.3657	0
65	-46.3657	0
65	-46.3657	0
65	-46.3657	0
65	-46.3657	0
65	-46.3657	0
65	-46.3657	0
65	-46.3657	0
65	-46.3657	0
65	-46.3657	0
65	-46.3657	0
65	-46.3657	0
65	-46.3657	0
65	-46.3657	0
65	-46.3657	0
65	-46.3657	-1.29352
65	-47.6592	0
65	-47.6592	0
65	-47.6592	0
65	-47.6592	0
65	-47.6592	0
65	-47.6592	0
65	-47.6592	0
65	-47.6592	0
65	-47.6592	0
65	-47.6592	0
65	-47.6592	0
65	-47.6592	0
65	-47.6592	0
65	-47.6592	0
65	-47.6592	0
65	-47.6592	0
65	-47.6592	0
65	-47.6592	0
65	-47.6592	0
65	-47.6592	-0.73645
65	-48.3957	0
65	-48.3957	0
65	-48.3957	0
65	-48.3957	0
65	-48.3957	0
65	-48.3957	0
65	-48.3957	0
65	-48.3957	0
65	-48.3957	0
65	-48.3957	0
65	-48.3957	0
65	-48.3957	0
65	-48.3957	0
65	-48.3957	0
65	-48.3957	0
65	-48.3957	0
65	-48.3957	0
65	-48.3957	0
65	-48.3957	0
65	-48.3957	1.87817
65	-46.5175	0
65	-46.5175	0
65	-46.5175	0
65	-46.5175	0
65	-46.5175	0
65	-46.5175	0
65	-46.5175	0
65	-46.5175	0
65	-46.5175	0
65	-46.5175	0
65	-46.5175	0
65	-46.5175	0
65	-46.5175	0
65	-46.5175	0
65	-46.5175	0
65	-46.5175	0
65	-46.5175	0
65	-46.5175	0
65	-46.5175	0
65	-46.5175	1.32599
65	-45.1915	0
65	-45.1915	0
65	-45.1915	0
65	-45.1915	0
65	-45.1915	0
65	-45.1915	0
65	-45.1915	0
65	-45.1915	0
65	-45.1915	0
65	-45.1915	0
65	-45.1915	0
65	-45.1915	0
65	-45.1915	0
65	-45.1915	0
65	-45.1915	0
65	-45.1915	0
65	-45.1915	0
65	-45.1915	0
65	-45.1915	0
65	-45.1915	0.948608
65	-44.2429	0
65	-44.2429	0
65	-44.2429	0
65	-44.2429	0
65	-44.2429	0
65	-44.2429	0
65	-44.2429	0
65	-44.2429	0
65	-44.2429	0
65	-44.2429	0
65	-44.2429	0
65	-44.2429	0
65	-44.2429	0
65	-44.2429	0
65	-44.2429	0
65	-44.2429	0
65	-44.2429	0
65	-44.2429	0
65	-44.2429	0
65	-44.2429	-0.0840454
65	-44.327	0
65	-44.327	0
65	-44.327	0
65	-44.327	0
65	-44.327	0
65	-44.327	0
65	-44.327	0
65	-44.327	0
65	-44.327	0
65	-44.327	0
65	-44.327	0
65	-44.327	0
65	-44.327	0
65	-44.327	0
65	-44.327	0
65	-44.327	0
65	-44.327	0
65	-44.327	0
65	-44.327	0
65	-44.327	-1.31934
65	-45.6463	0
65	-45.6463	0
65	-45.6463	0
65	-45.6463	0
65	-45.6463	0
65	-45.6463	0
65	-45.6463	0
65	-45.6463	0
65	-45.6463	0
65	-45.6463	0
65	-45.6463	0
65	-45.6463	0
65	-45.6463	0
65	-45.6463	0
65	-45.6463	0
65	-45.6463	0
65	-45.6463	0
65	-45.6463	0
65	-45.6463	0
65	-45.6463	-1.57031
65	-47.2166	0
65	-47.2166	0
65	-47.2166	0
65	-47.2166	0
65	-47.2166	0
65	-47.2166	0
65	-47.2166	0
65	-47.2166	0
65	-47.2166	0
65	-47.2166	0
65	-47.2166	0
65	-47.2166	0
65	-47.2166	0
65	-47.2166	0
65	-47.2166	0
65	-47.2166	0
65	-47.2166	0
65	-47.2166	0
65	-47.2166	0
65	-47.2166	-0.658264
65	-47.8749	0
65	-47.8749	0
65	-47.8749	0
65	-47.8749	0
65	-47.8749	0
65	-47.8749	0
65	-47.8749	0
65	-47.8749	0
65	-47.8749	0
65	-47.8749	0
65	-47.8749	0
65	-47.8749	0
65	-47.8749	0
65	-47.8749	0
65	-47.8749	0
65	-47.8749	0
65	-47.8749	0
65	-47.8749	0
65	-47.8749	0
65	-47.8749	-0.981812
65	-48.8567	0
65	-48.8567	0
65	-48.8567	0
65	-48.8567	0
65	-48.8567	0
65	-48.8567	0
65	-48.8567	0
65	-48.8567	0
65	-48.8567	0
65	-48.8567	0
65	-48.8567	0
65	-48.8567	0
65	-48.8567	0
65	-48.8567	0
65	-48.8567	0
65	-48.8567	0
65	-48.8567	0
65	-48.8567	0
65	-48.8567	0
65	-48.8567	-0.0274048
65	-48.8841	0
65	-48.8841	0
65	-48.8841	0
65	-48.8841	0
65	-48.8841	0
65	-48.8841	0
65	-48.8841	0
65	-48.8841	0
65	-48.8841	0
65	-48.8841	0
65	-48.8841	0
65	-48.8841	0
65	-48.8841	0
65	-48.8841	0
65	-48.8841	0
65	-48.8841	0
65	-48.8841	0
65	-48.8841	0
65	-48.8841	0
65	-48.8841	0.820374
65	-48.0637	0
65	-48.0637	0
65	-48.0637	0
65	-48.0637	0
65	-48.0637	0
65	-48.0637	0
65	-48.0637	0
65	-48.0637	0
65	-48.0637	0
65	-48.0637	0
65	-48.0637	0
65	-48.0637	0
65	-48.0637	0
65	-48.0637	0
65	-48.0637	0
65	-48.0637	0
65	-48.0637	0
65	-48.0637	0
65	-48.0637	0
65	-48.0637	1.22778
65	-46.8359	0
65	-46.8359	0
65	-46.8359	0
65	-46.8359	0
65	-46.8359	0
65	-46.8359	0
65	-46.8359	0
65	-46.8359	0
65	-46.8359	0
65	-46.8359	0
65	-46.8359	0
65	-46.8359	0
65	-46.8359	0
65	-46.8359	0
65	-46.8359	0
65	-46.8359	0
65	-46.8359	0
65	-46.8359	0
65	-46.8359	0
65	-46.8359	0.773499
65	-46.0624	0
65	-46.0624	0
65	-46.0624	0
65	-46.0624	0
65	-46.0624	0
65	-46.0624	0
65	-46.0624	0
65	-46.0624	0
65	-46.0624	0
65	-46.0624	0
65	-46.0624	0
65	-46.0624	0
65	-46.0624	0
65	-46.0624	0
65	-46.0624	0
65	-46.0624	0
65	-46.0624	0
65	-46.0624	0
65	-46.0624	0
65	-46.0624	-1.07391
65	-47.1364	0
65	-47.1364	0
65	-47.1364	0
65	-47.1364	0
65	-47.1364	0
65	-47.1364	0
65	-47.1364	0
65	-47.1364	0
65	-47.1364	0
65	-47.1364	0
65	-47.1364	0
65	-47.1364	0
65	-47.1364	0
65	-47.1364	0
65	-47.1364	0
65	-47.1364	0
65	-47.1364	0
65	-47.1364	0
65	-47.1364	0
65	-47.1364	-1.43561
65	-48.572	0
65	-48.572	0
65	-48.572	0
65	-48.572	0
65	-48.572	0
65	-48.572	0
65	-48.572	0
65	-48.572	0
65	-48.572	0
65	-48.572	0
65	-48.572	0
65	-48.572	0
65	-48.572	0
65	-48.572	0
65	-48.572	0
65	-48.572	0
65	-48.572	0
65	-48.572	0
65	-48.572	0
65	-48.572	0.961365
65	-47.6106	0
65	-47.6106	0
65	-47.6106	0
65	-47.6106	0
65	-47.6106	0
65	-47.6106	0
65	-47.6106	0
65	-47.6106	0
65	-47.6106	0
65	-47.6106	0
65	-47.6106	0
65	-47.6106	0
65	-47.6106	0
65	-47.6106	0
65	-47.6106	0
65	-47.6106	0
65	-47.6106	0
65	-47.6106	0
65	-47.6106	0
65	-47.6106	0.461121
65	-47.1495	0
65	-47.1495	0
65	-47.1495	0
65	-47.1495	0
65	-47.1495	0
65	-47.1495	0
65	-47.1495	0
65	-47.1495	0
65	-47.1495	0
65	-47.1495	0
65	-47.1495	0
65	-47.1495	0
65	-47.1495	0
65	-47.1495	0
65	-47.1495	0
65	-47.1495	0
65	-47.1495	0
65	-47.1495	0
65	-47.1495	0
65	-47.1495	-0.0302734
65	-47.1797	0
65	-47.1797	0
65	-47.1797	0
65	-47.1797	0
65	-47.1797	0
65	-47.1797	0
65	-47.1797	0
65	-47.1797	0
65	-47.1797	0
65	-47.1797	0
65	-47.1797	0
65	-47.1797	0
65	-47.1797	0
65	-47.1797	0
65	-47.1797	0
65	-47.1797	0
65	-47.1797	0
65	-47.1797	0
65	-47.1797	0
65	-47.1797	-1.43866
65	-48.6184	0
65	-48.6184	0
65	-48.6184	0
65	-48.6184	0
65	-48.6184	0
65	-48.6184	0
65	-48.6184	0
65	-48.6184	0
65	-48.6184	0
65	-48.6184	0
65	-48.6184	0
65	-48.6184	0
65	-48.6184	0
65	-48.6184	0
65	-48.6184	0
65	-48.6184	0
65	-48.6184	0
65	-48.6184	0
65	-48.6184	0
65	-48.6184	-1.85406
65	-50.4725	0
65	-50.4725	0
65	-50.4725	0
65	-50.4725	0
65	-50.4725	0
65	-50.4725	0
65	-50.4725	0
65	-50.4725	0
65	-50.4725	0
65	-50.4725	0
65	-50.4725	0
65	-50.4725	0
65	-50.4725	0
65	-50.4725	0
65	-50.4725	0
65	-50.4725	0
65	-50.4725	0
65	-50.4725	0
65	-50.4725	0
65	-50.4725	2.79999
65	-47.6725	0
65	-47.6725	0
65	-47.6725	0
65	-47.6725	0
65	-47.6725	0
65	-47.6725	0
65	-47.6725	0
65	-47.6725	0
65	-47.6725	0
65	-47.6725	0
65	-47.6725	0
65	-47.6725	0
65	-47.6725	0
65	-47.6725	0
65	-47.6725	0
65	-47.6725	0
65	-47.6725	0
65	-47.6725	0
65	-47.6725	0
65	-47.6725	1.91376
65	-45.7587	0
65	-45.7587	0
65	-45.7587	0
65	-45.7587	0
65	-45.7587	0
65	-45.7587	0
65	-45.7587	0
65	-45.7587	0
65	-45.7587	0
65	-45.7587	0
65	-45.7587	0
65	-45.7587	0
65	-45.7587	0
65	-45.7587	0
65	-45.7587	0
65	-45.7587	0
65	-45.7587	0
65	-45.7587	0
65	-45.7587	0
65	-45.7587	-0.0587769
65	-45.8175	0
65	-45.8175	0
65	-45.8175	0
65	-45.8175	0
65	-45.8175	0
65	-45.8175	0
65	-45.8175	0
65	-45.8175	0
65	-45.8175	0
65	-45.8175	0
65	-45.8175	0
65	-45.8175	0
65	-45.8175	0
65	-45.8175	0
65	-45.8175	0
65	-45.8175	0
65	-45.8175	0
65	-45.8175	0
65	-45.8175	0
65	-45.8175	0.0849609
65	-45.7325	0
65	-45.7325	0
65	-45.7325	0
65	-45.7325	0
65	-45.7325	0
65	-45.7325	0
65	-45.7325	0
65	-45.7325	0
65	-45.7325	0
65	-45.7325	0
65	-45.7325	0
65	-45.7325	0
65	-45.7325	0
65	-45.7325	0
65	-45.7325	0
65	-45.7325	0
65	-45.7325	0
65	-45.7325	0
65	-45.7325	0
