642 1280
-0.586806	-0.0195406	1.02566
0.534157	-0.0801336	1.09618
-0.529725	0.000634104	-0.848808
0.528391	0.00523525	-0.848271
-0.174724	1.53852	1.7807
-0.0179985	1.00932	-0.460001
-0.00938699	-1.11221	0.619103
-0.000309045	-0.899782	-0.520268
1.10541	0.0911663	0.175713
-1.11709	0.283049	0.100074
0.865333	-0.999417	0.0644849
-0.824125	-1.19272	0.199818
0.149634	1.09228	1.4372
-0.393719	0.923139	1.40739
-0.0824256	-0.059992	1.34442
-0.648743	1.2731	0.902128
-1.09156	0.12502	0.673613
-0.411799	1.65083	0.67575
-0.532072	0.966041	-0.21812
0.464613	1.06361	-0.208468
-0.0561884	1.71189	1.00261
1.15858	-0.195871	0.778646
0.981709	-0.676531	0.675068
1.31856	-0.548874	0.237576
0.828454	-0.394126	-0.486888
0.850358	0.27241	-0.478487
0.30963	0.538098	-0.799667
0.000163246	0.00756004	-0.998821
-0.311172	0.532129	-0.80052
0.309512	-0.508476	-0.808298
-0.309288	-0.509315	-0.808011
0.500846	-1.07185	-0.285789
0.499943	-1.43596	0.387547
0.000355964	-1.23744	0.0548162
-0.494441	-1.5158	0.53415
-0.496959	-1.08757	-0.242538
-0.345242	-0.724932	1.00613
-0.788128	-0.814238	0.670238
0.262621	-0.735644	1.02675
-1.19055	-0.595129	0.202837
-0.823376	-0.432006	-0.482478
-0.877723	0.246784	-0.486016
0.370239	0.653178	1.15308
0.0937138	0.582324	1.31532
0.204909	-0.0628858	1.29226
-0.435995	1.4777	1.52631
-0.54599	1.17807	1.34658
-0.29474	1.29054	1.75194
-0.265125	1.63005	1.44343
-0.534526	1.52355	0.98346
0.723932	0.87368	-0.0618545
0.161325	1.50452	0.316052
0.529568	1.22686	0.397137
0.82614	0.00924329	0.90801
0.381797	1.08248	1.00278
0.83988	-0.441282	0.889922
1.23047	-0.505621	0.803859
0.88835	-0.675751	-0.225596
1.04024	-0.407475	-0.198144
1.10034	-0.673936	0.136527
0.985765	0.257434	-0.19655
0.71181	0.642364	-0.387731
0.273872	0.00781194	-0.960534
0.162895	0.279292	-0.948026
0.435806	0.27713	-0.858539
0.435079	-0.26082	-0.861553
0.162735	-0.259969	-0.950377
0.701908	-0.176632	-0.697738
0.591022	-0.454545	-0.685784
0.703044	-1.38969	0.244738
0.526083	-1.40313	0.0677925
0.704415	-1.13242	-0.114972
-0.260723	-1.28264	0.575562
-0.258828	-1.37243	0.299529
-0.000743269	-1.2549	0.348896
-0.183714	-0.946662	0.841343
-0.427228	-1.14569	0.750114
0.133881	-0.936653	0.828919
-0.0650982	-0.744012	1.10168
0.922159	-0.891337	0.370021
0.693635	-1.15625	0.513133
-0.838053	-1.15026	0.498841
-0.941802	-0.754323	0.443699
-0.937964	-0.785071	0.109322
-0.705	-0.190029	-0.6977
-0.904766	-0.101895	-0.508706
-0.712943	0.147876	-0.697245
-0.164836	0.774625	-0.670074
-0.434993	0.759245	-0.560032
-0.284653	1.03692	-0.348089
-0.849686	-0.761201	-0.204335
-0.683558	-0.78615	-0.397727
-0.689374	-1.21647	-0.0123056
-0.109344	1.03351	1.62962
0.00665708	1.32771	1.79027
-0.34107	-0.0207136	1.23563
-0.219431	0.508629	1.30265
-0.48025	0.461142	1.11693
-1.27719	0.0471164	0.493142
-0.765251	0.833509	0.684668
-0.788814	0.88455	0.354315
-0.643486	0.686766	0.963126
-0.813899	0.141307	0.835919
-0.389181	1.32624	0.124533
-0.115444	1.32623	-0.0506778
-0.614559	1.16863	0.270748
-0.777096	0.769903	-0.0817585
0.0065232	1.47938	0.146788
0.228444	1.07955	-0.344684
0.0205033	1.5471	1.60516
-0.225529	1.73863	1.06716
0.386851	1.25396	0.736783
1.3708	-0.298365	0.641268
0.1539	1.3838	1.42527
1.29606	-0.653007	0.535105
1.48005	-0.553844	0.639797
1.37862	-0.427438	0.290434
0.705023	0.160729	-0.695026
0.886615	-0.0629229	-0.509359
1.09495	-0.130065	-0.183796
0.594865	0.454032	-0.676667
0.423432	0.782484	-0.556987
0.157219	0.781954	-0.669385
-0.43681	0.272592	-0.859332
-0.162684	0.277971	-0.948199
-0.27375	0.00648114	-0.960699
-0.000508203	0.562459	-0.841794
-0.160808	-0.722592	-0.691689
5.28453e-005	-0.528724	-0.850078
0.160736	-0.72311	-0.69254
-0.162529	-0.260384	-0.950411
-0.435159	-0.263244	-0.861627
0.693596	-0.747982	-0.414785
0.426271	-0.752836	-0.584961
0.260007	-0.97213	-0.425241
0.262974	-1.35897	0.225829
0.257033	-1.24755	0.501219
0.262959	-1.21501	-0.127373
-0.000396332	-1.09372	-0.250169
-0.517342	-1.45977	0.194327
-0.694361	-1.54129	0.420981
-0.261426	-1.20689	-0.0895651
-0.260192	-0.968982	-0.414714
-0.747605	-0.400755	0.883791
-0.584889	-0.7652	0.839902
-0.483169	-0.420644	1.07735
-0.68046	-1.33118	0.671776
0.0719178	-0.478841	1.29906
0.398759	-0.464498	1.1287
-0.247429	-0.443883	1.26678
0.611789	-0.708596	0.835871
0.41928	-1.07441	0.668216
-1.13415	-0.305177	0.869869
-1.41827	-0.376021	0.267376
-1.47704	-0.426072	0.671958
-1.01243	-0.480216	-0.192675
-1.04005	0.253181	-0.215835
-1.16163	-0.196505	-0.1734
-0.600888	0.441932	-0.679785
-0.733089	0.611573	-0.398222
-0.589945	-0.463466	-0.684625
-0.425182	-0.757191	-0.580087
0.470899	0.24278	1.12091
0.312072	0.255787	1.21896
0.362639	-0.0579987	1.20755
-0.30522	1.5296	1.69663
-0.365046	1.41245	1.69458
-0.235443	1.43563	1.80613
-0.204013	1.60347	1.65516
-0.339451	1.58078	1.53899
0.895222	0.604562	0.0234011
0.694271	1.02304	0.155463
0.914432	0.641377	0.233
0.679391	0.00547044	0.998621
0.581147	0.428511	1.02395
0.686659	-0.271208	0.993656
0.870788	-0.272157	0.911669
0.886285	-0.837534	-0.0838927
0.982517	-0.675801	-0.0620776
0.970022	-0.798329	0.0851528
1.05433	0.171847	-0.0213017
0.884984	0.530056	-0.142797
0.404571	0.00728074	-0.913317
0.359303	0.143235	-0.921964
0.486757	0.141954	-0.861923
0.48624	-0.129096	-0.863339
0.359058	-0.127337	-0.923153
0.620352	-0.0832662	-0.780911
0.57436	-0.218484	-0.790612
0.787648	-1.22714	0.160079
0.712682	-1.30496	0.0716652
0.788894	-1.098	-0.0264894
-0.136844	-1.17515	0.593534
-0.13282	-1.2581	0.463749
-0.0036476	-1.20161	0.484965
-0.0970962	-1.03337	0.735571
-0.22157	-1.11641	0.699118
0.0641792	-1.02495	0.72227
-0.0295013	-0.930549	0.851719
0.891842	-0.978641	0.216565
0.799541	-1.18754	0.302508
-0.838064	-1.22132	0.369091
-0.885648	-0.987888	0.297839
-0.880196	-0.975046	0.140612
-0.622715	-0.0908558	-0.781392
-0.718896	-0.0212442	-0.706982
-0.624716	0.07752	-0.780925
-0.0895119	0.89158	-0.57599
-0.22357	0.905953	-0.526058
-0.15302	1.03453	-0.407492
-0.840006	-0.974067	-0.0177775
-0.776199	-1.00316	-0.114779
-0.764786	-1.23594	0.10181
-0.143589	1.33393	1.82784
-0.0825294	1.45225	1.82826
-0.46309	-0.00600382	1.13724
-0.410341	0.230224	1.16682
-0.537073	0.223236	1.05773
0.032314	1.05573	1.58543
-0.0114897	0.853047	1.44251
0.126758	0.889984	1.36241
-1.22177	0.114027	0.3015
-0.965213	0.565434	0.345617
-0.940456	0.616351	0.19177
-0.629405	0.341738	0.967526
-0.694671	0.0796552	0.929456
-0.697028	1.07925	0.785477
-0.656505	1.04118	0.992813
-0.607314	1.24826	1.17149
-0.184321	1.18149	-0.216319
-0.045321	1.15862	-0.282252
-0.800287	0.82206	0.126701
-0.926505	0.588984	-0.00770628
-0.398736	1.49919	0.383441
-0.50876	1.46417	0.523553
-0.48073	1.59772	0.880596
0.065915	1.21646	-0.213147
0.106622	1.05309	-0.406103
-0.0633766	1.55739	1.73638
-0.110039	1.61338	1.58282
0.27229	1.28189	-0.0597432
0.0594435	1.53168	0.251225
0.394654	1.26532	0.024367
0.957799	0.53157	0.401581
1.3106	-0.222746	0.457582
0.0294919	1.4606	1.75329
0.870721	0.584264	0.682834
0.35884	1.20572	0.892212
0.766787	0.619312	0.817956
1.03069	-0.775491	0.262478
1.4761	-0.415317	0.530839
1.31544	-0.299734	0.276596
1.16056	-0.663532	0.615752
1.30801	-0.606984	0.697867
1.14138	-0.57822	0.757647
0.621163	0.0854322	-0.779821
0.712881	-0.00796174	-0.70599
1.1633	-0.117998	0.0161087
0.868471	-0.227193	-0.504395
0.97407	-0.223036	-0.366213
0.934274	-0.38328	-0.356333
0.575928	0.225416	-0.787679
0.202488	0.923989	-0.524578
0.0726413	0.89751	-0.575524
0.72512	0.380983	-0.586793
0.660074	0.552142	-0.543191
0.793941	0.45112	-0.44135
-0.487961	0.13759	-0.862615
-0.359512	0.140704	-0.922333
-0.40488	0.00479073	-0.913628
-0.00386334	0.788742	-0.678485
-0.0821953	0.143694	-0.985913
0.000153596	0.282242	-0.960975
0.0825341	0.144157	-0.985855
-0.0813434	-0.814814	-0.612292
-7.35142e-005	-0.727842	-0.701482
0.0810063	-0.81556	-0.613182
-0.359091	-0.129026	-0.923316
-0.486811	-0.132497	-0.863596
0.156631	-0.523575	-0.839604
0.0824787	-0.39911	-0.912444
0.239033	-0.38694	-0.890381
0.801455	-0.90255	-0.18105
0.213139	-0.843604	-0.568132
0.131061	-0.93325	-0.478356
0.769201	-0.567599	-0.457371
0.651317	-0.587406	-0.559436
0.715248	-0.421999	-0.595931
0.129528	-1.24549	0.425358
0.124929	-1.15818	0.559119
0.131427	-1.03894	-0.344977
-0.000437741	-0.999475	-0.391448
0.38617	-1.4226	0.310679
0.399842	-1.41581	0.149505
0.519491	-1.4696	0.232399
-0.698598	-1.43246	0.227099
-0.768149	-1.41285	0.334648
-0.132142	-1.03425	-0.337185
-0.131666	-0.930769	-0.4746
-0.512173	-1.54603	0.379727
-0.39281	-1.44809	0.257367
-0.380332	-1.46685	0.427309
-0.682564	-0.203262	0.947062
-0.610941	-0.393878	0.969821
-0.540419	-0.231135	1.06349
-0.77892	-1.40705	0.486869
-0.468326	-0.73494	0.922811
-0.512284	-0.97715	0.801833
-0.38368	-0.905761	0.858821
0.299023	-0.291274	1.23821
0.470542	-0.290516	1.12592
-0.424799	-0.227669	1.17357
0.165235	-0.616793	1.18616
-0.00178516	-0.627622	1.22442
0.0940519	-0.745769	1.08613
0.605095	-0.423059	1.00567
0.202729	-1.08797	0.654188
0.792707	-0.695118	0.744957
0.66536	-0.909793	0.661377
0.808332	-0.873092	0.577038
-0.825731	-0.1447	0.878873
-1.34247	-0.142176	0.22039
-1.5039	-0.245521	0.497927
-0.875177	-0.581259	0.73629
-1.00093	-0.567039	0.663672
-0.865007	-0.805068	0.559112
-0.90339	-0.783413	-0.0496016
-1.10427	0.240045	-0.0576131
-1.24946	-0.0886255	0.00351376
-0.922515	-0.442776	-0.349473
-0.98686	-0.285499	-0.359168
-0.87459	-0.266626	-0.501333
-0.579104	0.218149	-0.789092
-0.920184	0.518592	-0.166643
-0.45925	0.495548	-0.749594
-0.523807	0.603132	-0.63162
-0.376529	0.649169	-0.691836
-0.575229	-0.224401	-0.790704
-0.213355	-0.842187	-0.564842
-0.712929	-0.442017	-0.593607
-0.646886	-0.606271	-0.5548
-0.75842	-0.605288	-0.449747
0.229447	0.631622	1.25152
0.231678	0.957088	1.25164
0.0572936	-0.0665386	1.33941
0.158405	0.242831	1.29016
0.0157445	0.229444	1.32212
-0.495519	1.34508	1.47851
-0.560727	1.39226	1.24915
-0.348326	1.11667	1.60832
-0.42499	1.25026	1.59788
-0.47445	1.06785	1.42037
-0.410076	1.59686	1.26607
-0.374081	1.65376	1.10991
-0.482241	1.51638	1.30989
-0.594055	1.41947	0.98338
0.519322	1.19506	0.0904494
0.586075	1.00241	-0.136639
0.0573924	1.55996	0.657687
0.294589	1.41418	0.365976
-0.0615789	1.71997	0.658722
0.677217	0.567915	0.922277
0.984631	-0.073729	0.832632
0.390245	0.91137	1.08393
0.225647	1.14653	1.22288
1.05086	-0.467618	0.83656
0.945918	-0.573265	0.791063
1.07866	-0.340364	0.853318
1.25373	-0.411339	0.81732
0.97013	-0.528064	-0.215108
0.868577	-0.526642	-0.361121
1.22766	-0.60331	0.192758
1.08315	-0.561192	-0.0302665
1.16157	-0.479502	-0.0015842
0.843749	0.494455	-0.302096
0.91747	0.288447	-0.346664
0.732815	0.739157	-0.234622
0.603983	0.847475	-0.313119
0.220655	0.144255	-0.964396
0.138284	0.00778339	-0.989192
0.37644	0.409519	-0.837853
0.302135	0.281304	-0.91281
0.239253	0.410986	-0.885763
0.301804	-0.262341	-0.915438
0.375815	-0.387936	-0.843073
0.220528	-0.127697	-0.965452
0.0824644	-0.127835	-0.986839
0.652691	-0.317131	-0.699129
0.771863	-0.2786	-0.599522
0.518106	-0.356277	-0.781979
0.455248	-0.484691	-0.756765
0.620717	-1.43344	0.157732
0.607165	-1.45456	0.319284
0.608206	-1.11627	-0.202463
0.621021	-1.30629	-0.0195349
0.519799	-1.25675	-0.108088
-0.261422	-1.36071	0.447142
-0.380062	-1.40874	0.561165
0.000357197	-1.26617	0.205652
-0.131649	-1.29571	0.320145
-0.131483	-1.28377	0.16939
-0.306792	-1.02592	0.789303
-0.266938	-0.844853	0.932393
-0.347856	-1.24296	0.674834
-0.465403	-1.37265	0.656115
0.0345233	-0.837268	0.976182
0.199264	-0.841975	0.933595
-0.124638	-0.835508	0.974101
-0.211754	-0.732913	1.07185
0.80298	-1.04945	0.440522
0.961861	-0.779004	0.528452
0.703936	-1.32964	0.385756
0.601783	-1.36113	0.456333
-0.878767	-0.922998	0.430787
-0.819789	-0.999342	0.586238
-1.03215	-0.667211	0.141135
-0.94031	-0.800142	0.272599
-1.05813	-0.678262	0.336273
-0.806014	-0.136324	-0.611679
-0.773648	-0.302012	-0.597968
-0.796305	0.206449	-0.598722
-0.814647	0.0360337	-0.61225
-0.907055	0.0685381	-0.504245
-0.302008	0.775988	-0.621419
-0.239639	0.655361	-0.74451
-0.411019	1.01476	-0.284295
-0.359403	0.896711	-0.467122
-0.486585	0.863866	-0.403526
-0.774718	-0.780242	-0.30543
-0.848119	-0.583147	-0.352418
-0.599651	-1.15869	-0.130937
-0.693137	-0.990391	-0.22389
-0.597206	-0.955645	-0.32502
-0.254754	0.992978	1.56607
-0.202765	1.17223	1.73631
0.0870101	1.19414	1.64967
-0.0504881	1.19338	1.75231
-0.14647	0.223606	1.30894
-0.278438	0.226481	1.25594
-0.215015	-0.0429655	1.30798
-0.432644	0.70016	1.22904
-0.351785	0.489396	1.2277
-0.306023	0.742562	1.34785
-0.162707	0.807723	1.43699
-0.0639231	0.548643	1.33924
-0.888962	0.52614	0.628409
-0.943017	0.541103	0.496044
-1.2259	0.0744528	0.608668
-0.701679	1.10349	0.587652
-0.78686	0.869769	0.528815
-0.520091	0.82154	1.18901
-0.565187	0.589768	1.04955
-0.946446	0.156176	0.74818
-0.72069	0.43405	0.870787
-0.803202	0.491541	0.767257
-0.712321	0.779794	0.844301
-0.593727	0.950787	1.13068
-0.44185	1.14527	-0.0736901
-0.320353	1.17797	-0.143007
-0.267399	1.50533	0.263568
-0.262913	1.34589	0.0442103
-0.648867	1.24521	0.58131
-0.698113	1.04851	0.319242
-0.651089	0.887282	-0.150669
-0.680915	0.968793	0.065381
-0.573575	1.0688	0.00373881
-0.511578	1.27188	0.213692
-0.586864	1.37659	0.588862
-0.258193	1.62108	0.407349
-0.0495203	1.41297	0.0534746
0.347201	1.08517	-0.278146
0.17293	1.2609	-0.134889
-0.125233	1.73269	1.08821
-0.0734431	1.62054	1.39574
0.0186016	1.57843	1.35349
-0.216368	1.65462	1.31345
-0.340822	1.72926	0.924495
-0.240292	1.74485	0.579254
-0.161184	1.79105	0.665298
0.0428026	1.54261	0.862841
0.436966	1.26728	0.579439
1.30189	-0.2826	0.728823
0.937565	0.526157	0.555289
0.168223	1.24394	1.47459
0.113824	1.33616	1.66439
0.106595	1.45682	1.56755
0.0682828	1.53675	1.26871
0.0999553	1.46124	1.06555
0.178981	1.31662	1.18415
1.35865	-0.613022	0.414912
1.21586	-0.666904	0.347441
1.11168	-0.718708	0.452414
1.4017	-0.464253	0.760537
1.47933	-0.470552	0.673647
1.36896	-0.494868	0.27037
1.49148	-0.50537	0.504889
1.45539	-0.560195	0.468706
1.422	-0.610673	0.599985
1.38412	-0.548227	0.742462
0.881002	0.102418	-0.500927
0.801162	0.0583705	-0.610286
0.780716	0.225764	-0.594477
0.797822	-0.112481	-0.611824
1.21202	-0.385732	0.0217301
1.21307	-0.284782	0.0289887
1.05912	0.0390508	-0.191896
0.974331	0.105748	-0.348371
0.988597	-0.0591146	-0.36387
1.08614	-0.273167	-0.191334
0.456448	0.504482	-0.747911
0.519811	0.368727	-0.776613
0.656876	0.308615	-0.693696
0.458991	0.910883	-0.398212
0.334635	0.929458	-0.464083
0.236309	0.662269	-0.743704
0.292638	0.790966	-0.619832
0.371933	0.660941	-0.690168
0.517154	0.619181	-0.628406
0.569133	0.733398	-0.480021
-0.239517	0.408054	-0.886168
-0.302266	0.278598	-0.913212
-0.377431	0.404419	-0.838699
-0.137999	0.00719543	-0.989264
-0.220454	0.142923	-0.964574
0.15631	0.557163	-0.831136
0.0797881	0.674308	-0.765531
-0.0828994	0.671947	-0.765773
-0.157424	0.554168	-0.831493
-0.0825147	0.42305	-0.908041
0.0824793	0.424044	-0.907918
-0.156503	-0.523669	-0.839486
-0.0811969	-0.628849	-0.779292
-0.237249	-0.620757	-0.757291
0.237377	-0.620647	-0.757854
0.0812168	-0.628977	-0.779459
-0.0821965	-0.128093	-0.986867
-0.220335	-0.128484	-0.965537
-0.375644	-0.389532	-0.842988
-0.301679	-0.263389	-0.9155
-0.23886	-0.387494	-0.890362
-0.0823023	-0.399226	-0.912438
0.000114426	-0.263329	-0.963237
0.603724	-0.924184	-0.356969
0.706476	-0.929291	-0.273781
0.795049	-0.717625	-0.327469
0.372454	-0.627639	-0.705929
0.296393	-0.739352	-0.645716
0.384058	-1.0195	-0.360859
0.346622	-0.870734	-0.511222
0.469471	-0.897705	-0.445725
0.56659	-0.75385	-0.508018
0.515208	-0.609088	-0.644425
0.133289	-1.28586	0.137675
0.132508	-1.29063	0.283055
0.38275	-1.35525	0.447241
0.263437	-1.33505	0.367765
0.386489	-1.16959	-0.207978
0.264132	-1.09749	-0.281946
-7.39378e-005	-1.17639	-0.0994158
0.132626	-1.14251	-0.194548
0.133135	-1.22623	-0.0418989
0.266636	-1.31835	0.0530087
0.399876	-1.31929	-0.0294785
-0.512692	-1.28508	-0.0225841
-0.609978	-1.37807	0.103903
-0.601215	-1.56887	0.485855
-0.61206	-1.53731	0.316064
-0.132312	-1.21901	-0.0194558
-0.132879	-1.13534	-0.180124
-0.38295	-1.02119	-0.338026
-0.263925	-1.09091	-0.259979
-0.384009	-1.16987	-0.162716
-0.394388	-1.33047	0.0495829
-0.262954	-1.31808	0.112051
-0.693873	-0.798043	0.760522
-0.657289	-0.588445	0.866787
-0.767798	-0.611042	0.787092
-0.417658	-0.584651	1.05714
-0.538084	-0.575252	0.959398
-0.59618	-1.48168	0.61695
-0.695455	-1.49747	0.563146
-0.770174	-1.28025	0.607022
-0.744879	-1.07328	0.680922
-0.638839	-1.05094	0.748397
-0.560532	-1.26902	0.720128
-0.0113386	-0.296934	1.35216
0.135544	-0.299842	1.3188
0.328303	-0.611604	1.09534
0.229247	-0.476653	1.23313
-0.303728	-0.583948	1.15253
-0.369799	-0.425754	1.18297
-0.300666	-0.250825	1.27039
-0.173001	-0.276877	1.3324
-0.0943478	-0.472293	1.31234
-0.162504	-0.613561	1.21136
0.436131	-0.720885	0.93642
0.516126	-0.577706	0.988397
0.725322	-0.561925	0.875164
0.467134	-1.29251	0.529549
0.341762	-1.18799	0.58737
0.280459	-0.992173	0.749796
0.351398	-0.876676	0.84104
0.511207	-0.900743	0.752553
0.564387	-1.1501	0.592748
-1.33147	-0.103359	0.936917
-1.05049	-0.110452	0.869592
-0.904811	-0.35411	0.855069
-1.32018	-0.564328	0.441067
-1.48026	-0.447327	0.478879
-1.34689	-0.512584	0.248258
-1.57218	-0.246497	0.715225
-1.53136	-0.196235	0.875723
-1.37183	-0.353215	0.832861
-1.17752	-0.55121	0.582881
-1.09704	-0.540433	-0.010357
-0.985519	-0.635531	-0.0422652
-0.925298	-0.603285	-0.208924
-1.02349	0.060182	-0.352659
-1.13267	0.00277891	-0.195339
-0.959658	0.262524	-0.358905
-1.29358	-0.312008	0.0353681
-1.23549	-0.440436	0.0263721
-1.10849	-0.349338	-0.179939
-1.02632	-0.119287	-0.360065
-0.738403	0.364479	-0.592131
-0.663919	0.297102	-0.696554
-0.522557	0.361121	-0.778219
-0.634053	0.789589	-0.322626
-0.764685	0.687288	-0.249657
-0.87622	0.473698	-0.318161
-0.817673	0.429695	-0.451512
-0.672214	0.532718	-0.549222
-0.583794	0.703334	-0.485833
-0.454762	-0.487929	-0.756182
-0.518027	-0.360756	-0.781767
-0.653084	-0.328201	-0.698545
-0.467341	-0.907348	-0.429726
-0.346189	-0.871748	-0.503304
-0.296201	-0.739608	-0.643463
-0.371982	-0.629384	-0.70461
-0.513646	-0.616161	-0.641911
-0.562767	-0.77014	-0.498329
1	162	164
4	165	167
4	168	165
8	170	172
1	173	162
1	175	173
10	177	179
8	180	170
3	182	184
3	185	182
3	187	185
10	189	191
6	192	194
6	195	192
6	197	195
10	199	189
11	201	203
2	204	206
5	207	209
11	210	212
4	167	214
0	215	217
12	218	220
9	221	223
0	217	225
15	226	228
5	209	230
9	223	232
17	233	235
5	230	237
4	238	168
19	240	242
8	172	244
4	214	238
21	246	248
10	179	199
8	244	251
22	252	254
3	255	187
8	251	180
24	258	260
3	184	255
5	237	263
25	264	266
2	267	269
5	263	207
27	271	273
7	274	276
2	269	278
29	279	281
10	191	177
7	276	284
24	285	287
6	194	289
7	284	291
32	292	294
11	212	296
7	291	298
34	299	301
0	302	304
11	296	201
36	306	308
1	164	310
0	304	215
38	312	314
1	310	175
6	289	197
22	317	319
0	225	302
9	321	221
37	323	325
11	203	210
9	327	321
40	329	331
2	206	267
9	232	327
28	334	336
2	278	204
7	298	274
40	339	341
12	220	343
14	344	346
42	342	163
15	228	348
13	349	351
45	347	166
17	235	353
15	348	355
48	352	169
19	242	357
20	358	360
50	356	171
21	248	362
12	343	364
53	361	174
22	254	366
21	362	368
55	365	176
24	260	370
23	371	373
57	369	178
25	266	375
19	357	377
60	374	181
27	273	379
26	380	382
62	378	183
29	281	384
27	379	386
65	383	186
24	287	388
29	384	390
67	387	188
32	294	392
31	393	395
69	391	190
34	301	397
33	398	400
72	396	193
36	308	402
34	397	404
75	401	196
38	314	406
36	402	408
77	405	198
22	319	410
32	392	412
79	409	200
37	325	414
39	415	417
81	413	202
40	331	419
41	420	422
84	418	205
28	336	424
18	425	427
87	423	208
40	341	429
35	430	432
90	428	211
13	433	349
12	435	218
47	434	213
14	437	439
13	440	442
95	438	216
13	442	433
14	346	437
93	443	219
16	445	447
15	448	226
98	446	222
13	450	440
16	452	454
97	451	224
16	454	445
13	351	450
99	455	227
18	457	425
17	459	233
89	458	229
15	461	448
18	463	465
100	462	231
18	465	457
15	355	461
103	466	234
17	468	459
19	470	240
104	469	236
20	472	474
17	353	476
109	473	239
17	476	468
20	360	472
107	477	241
20	479	358
21	481	246
52	480	243
12	483	435
20	474	486
94	484	245
20	486	479
12	364	483
111	487	247
23	489	371
22	410	252
59	490	249
21	492	481
23	494	496
112	493	250
23	496	489
21	368	492
114	497	253
25	499	501
24	388	258
117	500	256
23	503	494
25	375	506
116	504	257
25	506	499
23	373	503
118	507	259
26	509	380
25	501	264
64	510	261
19	512	470
26	514	516
108	513	262
26	516	509
19	377	512
120	517	265
28	519	521
27	522	271
123	520	268
26	524	514
28	424	527
122	525	270
28	527	519
26	382	524
124	528	272
30	530	532
29	533	279
127	531	275
27	535	522
30	537	539
125	536	277
30	539	530
27	386	535
128	540	280
31	542	393
24	370	285
71	543	282
29	545	533
31	547	549
129	546	283
31	549	542
29	390	545
132	550	286
33	552	398
32	554	292
74	553	288
31	556	547
33	558	560
134	557	290
33	560	552
31	395	556
135	561	293
35	563	430
34	565	299
92	564	295
33	567	558
35	569	571
138	568	297
35	571	563
33	400	567
139	572	300
37	574	576
36	577	306
143	575	303
34	579	565
37	414	582
140	580	305
37	582	574
34	404	579
144	583	307
14	585	344
38	587	312
44	586	309
36	589	577
14	439	592
145	590	311
14	592	585
36	408	589
147	593	313
38	595	587
22	366	317
148	596	315
32	598	554
38	406	601
136	599	316
38	601	595
32	412	598
150	602	318
16	604	452
37	576	323
102	605	320
39	607	609
16	447	611
153	608	322
16	611	604
39	417	607
152	612	324
39	614	415
40	429	329
83	615	326
41	617	619
39	609	621
156	618	328
39	621	614
41	422	617
155	622	330
41	624	420
28	521	334
86	625	332
18	627	463
41	619	630
106	628	333
41	630	624
18	427	627
158	631	335
30	633	537
40	419	339
131	634	337
35	636	569
30	532	639
142	637	338
30	639	633
35	432	636
160	640	340
42	163	162
44	164	163
162	163	164
45	166	165
47	167	166
165	166	167
48	169	168
45	165	169
168	169	165
50	171	170
52	172	171
170	171	172
53	174	173
42	162	174
173	174	162
55	176	175
53	173	176
175	176	173
57	178	177
59	179	178
177	178	179
60	181	180
50	170	181
180	181	170
62	183	182
64	184	183
182	183	184
65	186	185
62	182	186
185	186	182
67	188	187
65	185	188
187	188	185
69	190	189
71	191	190
189	190	191
72	193	192
74	194	193
192	193	194
75	196	195
72	192	196
195	196	192
77	198	197
75	195	198
197	198	195
79	200	199
69	189	200
199	200	189
81	202	201
83	203	202
201	202	203
84	205	204
86	206	205
204	205	206
87	208	207
89	209	208
207	208	209
90	211	210
92	212	211
210	211	212
47	213	167
94	214	213
167	213	214
95	216	215
97	217	216
215	216	217
93	219	218
43	220	219
218	219	220
98	222	221
100	223	222
221	222	223
97	224	217
102	225	224
217	224	225
99	227	226
46	228	227
226	227	228
89	229	209
104	230	229
209	229	230
100	231	223
106	232	231
223	231	232
103	234	233
49	235	234
233	234	235
104	236	230
108	237	236
230	236	237
109	239	238
48	168	239
238	239	168
107	241	240
51	242	241
240	241	242
52	243	172
112	244	243
172	243	244
94	245	214
109	238	245
214	245	238
111	247	246
54	248	247
246	247	248
59	249	179
79	199	249
179	249	199
112	250	244
116	251	250
244	250	251
114	253	252
56	254	253
252	253	254
117	256	255
67	187	256
255	256	187
116	257	251
60	180	257
251	257	180
118	259	258
58	260	259
258	259	260
64	261	184
117	255	261
184	261	255
108	262	237
122	263	262
237	262	263
120	265	264
61	266	265
264	265	266
123	268	267
125	269	268
267	268	269
122	270	263
87	207	270
263	270	207
124	272	271
63	273	272
271	272	273
127	275	274
129	276	275
274	275	276
125	277	269
131	278	277
269	277	278
128	280	279
66	281	280
279	280	281
71	282	191
57	177	282
191	282	177
129	283	276
134	284	283
276	283	284
132	286	285
68	287	286
285	286	287
74	288	194
136	289	288
194	288	289
134	290	284
138	291	290
284	290	291
135	293	292
70	294	293
292	293	294
92	295	212
140	296	295
212	295	296
138	297	291
142	298	297
291	297	298
139	300	299
73	301	300
299	300	301
143	303	302
145	304	303
302	303	304
140	305	296
81	201	305
296	305	201
144	307	306
76	308	307
306	307	308
44	309	164
148	310	309
164	309	310
145	311	304
95	215	311
304	311	215
147	313	312
78	314	313
312	313	314
148	315	310
55	175	315
310	315	175
136	316	289
77	197	316
289	316	197
150	318	317
80	319	318
317	318	319
102	320	225
143	302	320
225	320	302
153	322	321
98	221	322
321	322	221
152	324	323
82	325	324
323	324	325
83	326	203
90	210	326
203	326	210
156	328	327
153	321	328
327	328	321
155	330	329
85	331	330
329	330	331
86	332	206
123	267	332
206	332	267
106	333	232
156	327	333
232	333	327
158	335	334
88	336	335
334	335	336
131	337	278
84	204	337
278	337	204
142	338	298
127	274	338
298	338	274
160	340	339
91	341	340
339	340	341
43	342	220
42	343	342
220	342	343
44	345	344
43	346	345
344	345	346
43	345	342
44	163	345
342	345	163
46	347	228
45	348	347
228	347	348
47	350	349
46	351	350
349	350	351
46	350	347
47	166	350
347	350	166
49	352	235
48	353	352
235	352	353
45	354	348
49	355	354
348	354	355
49	354	352
45	169	354
352	354	169
51	356	242
50	357	356
242	356	357
52	359	358
51	360	359
358	359	360
51	359	356
52	171	359
356	359	171
54	361	248
53	362	361
248	361	362
42	363	343
54	364	363
343	363	364
54	363	361
42	174	363
361	363	174
56	365	254
55	366	365
254	365	366
53	367	362
56	368	367
362	367	368
56	367	365
53	176	367
365	367	176
58	369	260
57	370	369
260	369	370
59	372	371
58	373	372
371	372	373
58	372	369
59	178	372
369	372	178
61	374	266
60	375	374
266	374	375
50	376	357
61	377	376
357	376	377
61	376	374
50	181	376
374	376	181
63	378	273
62	379	378
273	378	379
64	381	380
63	382	381
380	381	382
63	381	378
64	183	381
378	381	183
66	383	281
65	384	383
281	383	384
62	385	379
66	386	385
379	385	386
66	385	383
62	186	385
383	385	186
68	387	287
67	388	387
287	387	388
65	389	384
68	390	389
384	389	390
68	389	387
65	188	389
387	389	188
70	391	294
69	392	391
294	391	392
71	394	393
70	395	394
393	394	395
70	394	391
71	190	394
391	394	190
73	396	301
72	397	396
301	396	397
74	399	398
73	400	399
398	399	400
73	399	396
74	193	399
396	399	193
76	401	308
75	402	401
308	401	402
72	403	397
76	404	403
397	403	404
76	403	401
72	196	403
401	403	196
78	405	314
77	406	405
314	405	406
75	407	402
78	408	407
402	407	408
78	407	405
75	198	407
405	407	198
80	409	319
79	410	409
319	409	410
69	411	392
80	412	411
392	411	412
80	411	409
69	200	411
409	411	200
82	413	325
81	414	413
325	413	414
83	416	415
82	417	416
415	416	417
82	416	413
83	202	416
413	416	202
85	418	331
84	419	418
331	418	419
86	421	420
85	422	421
420	421	422
85	421	418
86	205	421
418	421	205
88	423	336
87	424	423
336	423	424
89	426	425
88	427	426
425	426	427
88	426	423
89	208	426
423	426	208
91	428	341
90	429	428
341	428	429
92	431	430
91	432	431
430	431	432
91	431	428
92	211	431
428	431	211
93	434	433
47	349	434
433	434	349
94	436	435
93	218	436
435	436	218
93	436	434
94	213	436
434	436	213
96	438	437
95	439	438
437	438	439
97	441	440
96	442	441
440	441	442
96	441	438
97	216	441
438	441	216
96	443	442
93	433	443
442	443	433
43	444	346
96	437	444
346	444	437
96	444	443
43	219	444
443	444	219
99	446	445
98	447	446
445	446	447
100	449	448
99	226	449
448	449	226
99	449	446
100	222	449
446	449	222
101	451	450
97	440	451
450	451	440
102	453	452
101	454	453
452	453	454
101	453	451
102	224	453
451	453	224
101	455	454
99	445	455
454	455	445
46	456	351
101	450	456
351	456	450
101	456	455
46	227	456
455	456	227
103	458	457
89	425	458
457	458	425
104	460	459
103	233	460
459	460	233
103	460	458
104	229	460
458	460	229
105	462	461
100	448	462
461	462	448
106	464	463
105	465	464
463	464	465
105	464	462
106	231	464
462	464	231
105	466	465
103	457	466
465	466	457
49	467	355
105	461	467
355	467	461
105	467	466
49	234	467
466	467	234
107	469	468
104	459	469
468	469	459
108	471	470
107	240	471
470	471	240
107	471	469
108	236	471
469	471	236
110	473	472
109	474	473
472	473	474
48	475	353
110	476	475
353	475	476
110	475	473
48	239	475
473	475	239
110	477	476
107	468	477
476	477	468
51	478	360
110	472	478
360	478	472
110	478	477
51	241	478
477	478	241
111	480	479
52	358	480
479	480	358
112	482	481
111	246	482
481	482	246
111	482	480
112	243	482
480	482	243
113	484	483
94	435	484
483	484	435
109	485	474
113	486	485
474	485	486
113	485	484
109	245	485
484	485	245
113	487	486
111	479	487
486	487	479
54	488	364
113	483	488
364	488	483
113	488	487
54	247	488
487	488	247
114	490	489
59	371	490
489	490	371
79	491	410
114	252	491
410	491	252
114	491	490
79	249	491
490	491	249
115	493	492
112	481	493
492	493	481
116	495	494
115	496	495
494	495	496
115	495	493
116	250	495
493	495	250
115	497	496
114	489	497
496	497	489
56	498	368
115	492	498
368	498	492
115	498	497
56	253	498
497	498	253
118	500	499
117	501	500
499	500	501
67	502	388
118	258	502
388	502	258
118	502	500
67	256	502
500	502	256
119	504	503
116	494	504
503	504	494
60	505	375
119	506	505
375	505	506
119	505	504
60	257	505
504	505	257
119	507	506
118	499	507
506	507	499
58	508	373
119	503	508
373	508	503
119	508	507
58	259	508
507	508	259
120	510	509
64	380	510
509	510	380
117	511	501
120	264	511
501	511	264
120	511	510
117	261	511
510	511	261
121	513	512
108	470	513
512	513	470
122	515	514
121	516	515
514	515	516
121	515	513
122	262	515
513	515	262
121	517	516
120	509	517
516	517	509
61	518	377
121	512	518
377	518	512
121	518	517
61	265	518
517	518	265
124	520	519
123	521	520
519	520	521
125	523	522
124	271	523
522	523	271
124	523	520
125	268	523
520	523	268
126	525	524
122	514	525
524	525	514
87	526	424
126	527	526
424	526	527
126	526	525
87	270	526
525	526	270
126	528	527
124	519	528
527	528	519
63	529	382
126	524	529
382	529	524
126	529	528
63	272	529
528	529	272
128	531	530
127	532	531
530	531	532
129	534	533
128	279	534
533	534	279
128	534	531
129	275	534
531	534	275
130	536	535
125	522	536
535	536	522
131	538	537
130	539	538
537	538	539
130	538	536
131	277	538
536	538	277
130	540	539
128	530	540
539	540	530
66	541	386
130	535	541
386	541	535
130	541	540
66	280	541
540	541	280
132	543	542
71	393	543
542	543	393
57	544	370
132	285	544
370	544	285
132	544	543
57	282	544
543	544	282
133	546	545
129	533	546
545	546	533
134	548	547
133	549	548
547	548	549
133	548	546
134	283	548
546	548	283
133	550	549
132	542	550
549	550	542
68	551	390
133	545	551
390	551	545
133	551	550
68	286	551
550	551	286
135	553	552
74	398	553
552	553	398
136	555	554
135	292	555
554	555	292
135	555	553
136	288	555
553	555	288
137	557	556
134	547	557
556	557	547
138	559	558
137	560	559
558	559	560
137	559	557
138	290	559
557	559	290
137	561	560
135	552	561
560	561	552
70	562	395
137	556	562
395	562	556
137	562	561
70	293	562
561	562	293
139	564	563
92	430	564
563	564	430
140	566	565
139	299	566
565	566	299
139	566	564
140	295	566
564	566	295
141	568	567
138	558	568
567	568	558
142	570	569
141	571	570
569	570	571
141	570	568
142	297	570
568	570	297
141	572	571
139	563	572
571	572	563
73	573	400
141	567	573
400	573	567
141	573	572
73	300	573
572	573	300
144	575	574
143	576	575
574	575	576
145	578	577
144	306	578
577	578	306
144	578	575
145	303	578
575	578	303
146	580	579
140	565	580
579	580	565
81	581	414
146	582	581
414	581	582
146	581	580
81	305	581
580	581	305
146	583	582
144	574	583
582	583	574
76	584	404
146	579	584
404	584	579
146	584	583
76	307	584
583	584	307
147	586	585
44	344	586
585	586	344
148	588	587
147	312	588
587	588	312
147	588	586
148	309	588
586	588	309
149	590	589
145	577	590
589	590	577
95	591	439
149	592	591
439	591	592
149	591	590
95	311	591
590	591	311
149	593	592
147	585	593
592	593	585
78	594	408
149	589	594
408	594	589
149	594	593
78	313	594
593	594	313
150	596	595
148	587	596
595	596	587
55	597	366
150	317	597
366	597	317
150	597	596
55	315	597
596	597	315
151	599	598
136	554	599
598	599	554
77	600	406
151	601	600
406	600	601
151	600	599
77	316	600
599	600	316
151	602	601
150	595	602
601	602	595
80	603	412
151	598	603
412	603	598
151	603	602
80	318	603
602	603	318
152	605	604
102	452	605
604	605	452
143	606	576
152	323	606
576	606	323
152	606	605
143	320	606
605	606	320
154	608	607
153	609	608
607	608	609
98	610	447
154	611	610
447	610	611
154	610	608
98	322	610
608	610	322
154	612	611
152	604	612
611	612	604
82	613	417
154	607	613
417	613	607
154	613	612
82	324	613
612	613	324
155	615	614
83	415	615
614	615	415
90	616	429
155	329	616
429	616	329
155	616	615
90	326	616
615	616	326
157	618	617
156	619	618
617	618	619
153	620	609
157	621	620
609	620	621
157	620	618
153	328	620
618	620	328
157	622	621
155	614	622
621	622	614
85	623	422
157	617	623
422	623	617
157	623	622
85	330	623
622	623	330
158	625	624
86	420	625
624	625	420
123	626	521
158	334	626
521	626	334
158	626	625
123	332	626
625	626	332
159	628	627
106	463	628
627	628	463
156	629	619
159	630	629
619	629	630
159	629	628
156	333	629
628	629	333
159	631	630
158	624	631
630	631	624
88	632	427
159	627	632
427	632	627
159	632	631
88	335	632
631	632	335
160	634	633
131	537	634
633	634	537
84	635	419
160	339	635
419	635	339
160	635	634
84	337	635
634	635	337
161	637	636
142	569	637
636	637	569
127	638	532
161	639	638
532	638	639
161	638	637
127	338	638
637	638	338
161	640	639
160	633	640
639	640	633
91	641	432
161	636	641
432	641	636
161	641	640
91	340	641
640	641	340
